#ifndef _ratetables_h_
#define _ratetables_h_

//预先生成的形变衰减率
static const int RateTablesCount = 50;
static const float RateTables[RateTablesCount][RateTablesCount] = {
    { 0.9000, 0.8820, 0.8640, 0.8460, 0.8280, 0.8100, 0.7920, 0.7740, 0.7560, 0.7380, 0.7200, 0.7020, 0.6840, 0.6660, 0.6480, 0.6300, 0.6120, 0.5940, 0.5760, 0.5580, 0.5400, 0.5220, 0.5040, 0.4860, 0.4680, 0.4500, 0.4320, 0.4140, 0.3960, 0.3780, 0.3600, 0.3420, 0.3240, 0.3060, 0.2880, 0.2700, 0.2520, 0.2340, 0.2160, 0.1980, 0.1800, 0.1620, 0.1440, 0.1260, 0.1080, 0.0900, 0.0720, 0.0540, 0.0360, 0.0180},
    { 0.8820, 0.8745, 0.8598, 0.8431, 0.8258, 0.8082, 0.7905, 0.7727, 0.7549, 0.7370, 0.7191, 0.7012, 0.6833, 0.6653, 0.6474, 0.6294, 0.6114, 0.5935, 0.5755, 0.5575, 0.5396, 0.5216, 0.5036, 0.4856, 0.4676, 0.4496, 0.4317, 0.4137, 0.3957, 0.3777, 0.3597, 0.3417, 0.3237, 0.3057, 0.2877, 0.2697, 0.2518, 0.2338, 0.2158, 0.1978, 0.1798, 0.1618, 0.1438, 0.1258, 0.1078, 0.0898, 0.0718, 0.0538, 0.0358, 0.0178},
    { 0.8640, 0.8598, 0.8491, 0.8351, 0.8195, 0.8031, 0.7862, 0.7690, 0.7516, 0.7340, 0.7164, 0.6988, 0.6810, 0.6632, 0.6454, 0.6276, 0.6098, 0.5919, 0.5740, 0.5561, 0.5382, 0.5203, 0.5024, 0.4844, 0.4665, 0.4486, 0.4306, 0.4127, 0.3947, 0.3768, 0.3588, 0.3408, 0.3229, 0.3049, 0.2869, 0.2690, 0.2510, 0.2330, 0.2151, 0.1971, 0.1791, 0.1611, 0.1431, 0.1252, 0.1072, 0.0892, 0.0712, 0.0532, 0.0353, 0.0173},
    { 0.8460, 0.8431, 0.8351, 0.8236, 0.8100, 0.7950, 0.7793, 0.7629, 0.7462, 0.7292, 0.7121, 0.6948, 0.6774, 0.6599, 0.6423, 0.6247, 0.6070, 0.5893, 0.5715, 0.5538, 0.5360, 0.5182, 0.5003, 0.4825, 0.4646, 0.4468, 0.4289, 0.4110, 0.3931, 0.3752, 0.3573, 0.3394, 0.3215, 0.3036, 0.2856, 0.2677, 0.2498, 0.2318, 0.2139, 0.1959, 0.1780, 0.1600, 0.1421, 0.1241, 0.1062, 0.0882, 0.0702, 0.0523, 0.0343, 0.0163},
    { 0.8280, 0.8258, 0.8195, 0.8100, 0.7982, 0.7847, 0.7702, 0.7549, 0.7390, 0.7227, 0.7061, 0.6893, 0.6723, 0.6552, 0.6379, 0.6206, 0.6031, 0.5856, 0.5681, 0.5505, 0.5329, 0.5152, 0.4975, 0.4798, 0.4620, 0.4443, 0.4265, 0.4087, 0.3909, 0.3731, 0.3552, 0.3374, 0.3195, 0.3017, 0.2838, 0.2659, 0.2480, 0.2301, 0.2122, 0.1943, 0.1764, 0.1585, 0.1406, 0.1227, 0.1047, 0.0868, 0.0689, 0.0509, 0.0330, 0.0151},
    { 0.8100, 0.8082, 0.8031, 0.7950, 0.7847, 0.7727, 0.7594, 0.7452, 0.7302, 0.7147, 0.6988, 0.6825, 0.6660, 0.6493, 0.6324, 0.6154, 0.5983, 0.5810, 0.5637, 0.5464, 0.5289, 0.5114, 0.4939, 0.4763, 0.4587, 0.4411, 0.4234, 0.4057, 0.3880, 0.3703, 0.3526, 0.3348, 0.3170, 0.2992, 0.2814, 0.2636, 0.2458, 0.2279, 0.2101, 0.1923, 0.1744, 0.1565, 0.1387, 0.1208, 0.1029, 0.0850, 0.0671, 0.0492, 0.0313, 0.0134},
    { 0.7920, 0.7905, 0.7862, 0.7793, 0.7702, 0.7594, 0.7473, 0.7340, 0.7200, 0.7053, 0.6901, 0.6745, 0.6585, 0.6423, 0.6258, 0.6092, 0.5924, 0.5755, 0.5585, 0.5414, 0.5241, 0.5069, 0.4895, 0.4721, 0.4547, 0.4372, 0.4197, 0.4021, 0.3846, 0.3669, 0.3493, 0.3316, 0.3140, 0.2963, 0.2785, 0.2608, 0.2431, 0.2253, 0.2075, 0.1897, 0.1719, 0.1541, 0.1363, 0.1185, 0.1007, 0.0828, 0.0650, 0.0471, 0.0293, 0.0114},
    { 0.7740, 0.7727, 0.7690, 0.7629, 0.7549, 0.7452, 0.7340, 0.7218, 0.7087, 0.6948, 0.6803, 0.6653, 0.6499, 0.6342, 0.6183, 0.6020, 0.5856, 0.5691, 0.5524, 0.5355, 0.5186, 0.5016, 0.4844, 0.4673, 0.4500, 0.4327, 0.4153, 0.3979, 0.3805, 0.3630, 0.3455, 0.3280, 0.3104, 0.2928, 0.2752, 0.2575, 0.2399, 0.2222, 0.2045, 0.1868, 0.1691, 0.1513, 0.1336, 0.1158, 0.0980, 0.0803, 0.0625, 0.0447, 0.0269, 0.0090},
    { 0.7560, 0.7549, 0.7516, 0.7462, 0.7390, 0.7302, 0.7200, 0.7087, 0.6964, 0.6833, 0.6695, 0.6552, 0.6404, 0.6252, 0.6098, 0.5940, 0.5780, 0.5618, 0.5454, 0.5289, 0.5123, 0.4955, 0.4786, 0.4617, 0.4446, 0.4275, 0.4103, 0.3931, 0.3758, 0.3585, 0.3411, 0.3237, 0.3063, 0.2888, 0.2713, 0.2538, 0.2362, 0.2186, 0.2010, 0.1834, 0.1657, 0.1481, 0.1304, 0.1127, 0.0950, 0.0773, 0.0596, 0.0418, 0.0241, 0.0063},
    { 0.7380, 0.7370, 0.7340, 0.7292, 0.7227, 0.7147, 0.7053, 0.6948, 0.6833, 0.6709, 0.6578, 0.6442, 0.6300, 0.6154, 0.6004, 0.5851, 0.5696, 0.5538, 0.5378, 0.5216, 0.5052, 0.4887, 0.4721, 0.4554, 0.4386, 0.4217, 0.4048, 0.3877, 0.3706, 0.3534, 0.3362, 0.3190, 0.3017, 0.2843, 0.2669, 0.2495, 0.2321, 0.2146, 0.1971, 0.1796, 0.1620, 0.1444, 0.1268, 0.1092, 0.0916, 0.0740, 0.0563, 0.0386, 0.0209, 0.0032},
    { 0.7200, 0.7191, 0.7164, 0.7121, 0.7061, 0.6988, 0.6901, 0.6803, 0.6695, 0.6578, 0.6454, 0.6324, 0.6188, 0.6048, 0.5903, 0.5755, 0.5604, 0.5450, 0.5294, 0.5135, 0.4975, 0.4813, 0.4650, 0.4486, 0.4320, 0.4153, 0.3986, 0.3817, 0.3648, 0.3478, 0.3308, 0.3137, 0.2965, 0.2793, 0.2621, 0.2448, 0.2275, 0.2101, 0.1927, 0.1753, 0.1578, 0.1404, 0.1229, 0.1053, 0.0878, 0.0702, 0.0527, 0.0351, 0.0174, 0.0000},
    { 0.7020, 0.7012, 0.6988, 0.6948, 0.6893, 0.6825, 0.6745, 0.6653, 0.6552, 0.6442, 0.6324, 0.6200, 0.6070, 0.5935, 0.5795, 0.5652, 0.5505, 0.5355, 0.5203, 0.5048, 0.4891, 0.4733, 0.4573, 0.4411, 0.4248, 0.4084, 0.3918, 0.3752, 0.3585, 0.3417, 0.3248, 0.3079, 0.2909, 0.2739, 0.2568, 0.2396, 0.2224, 0.2052, 0.1879, 0.1706, 0.1533, 0.1359, 0.1185, 0.1011, 0.0836, 0.0662, 0.0487, 0.0311, 0.0136, 0.0000},
    { 0.6840, 0.6833, 0.6810, 0.6774, 0.6723, 0.6660, 0.6585, 0.6499, 0.6404, 0.6300, 0.6188, 0.6070, 0.5945, 0.5815, 0.5681, 0.5542, 0.5400, 0.5254, 0.5106, 0.4955, 0.4802, 0.4646, 0.4489, 0.4330, 0.4170, 0.4008, 0.3846, 0.3682, 0.3517, 0.3351, 0.3184, 0.3017, 0.2848, 0.2679, 0.2510, 0.2340, 0.2169, 0.1998, 0.1827, 0.1655, 0.1483, 0.1310, 0.1137, 0.0964, 0.0791, 0.0617, 0.0443, 0.0269, 0.0094, 0.0000},
    { 0.6660, 0.6653, 0.6632, 0.6599, 0.6552, 0.6493, 0.6423, 0.6342, 0.6252, 0.6154, 0.6048, 0.5935, 0.5815, 0.5691, 0.5561, 0.5427, 0.5289, 0.5148, 0.5003, 0.4856, 0.4706, 0.4554, 0.4400, 0.4244, 0.4087, 0.3928, 0.3768, 0.3606, 0.3443, 0.3280, 0.3115, 0.2949, 0.2783, 0.2616, 0.2448, 0.2279, 0.2110, 0.1941, 0.1771, 0.1600, 0.1429, 0.1258, 0.1086, 0.0914, 0.0742, 0.0569, 0.0396, 0.0222, 0.0049, 0.0000},
    { 0.6480, 0.6474, 0.6454, 0.6423, 0.6379, 0.6324, 0.6258, 0.6183, 0.6098, 0.6004, 0.5903, 0.5795, 0.5681, 0.5561, 0.5436, 0.5307, 0.5173, 0.5036, 0.4895, 0.4752, 0.4606, 0.4457, 0.4306, 0.4153, 0.3999, 0.3842, 0.3685, 0.3526, 0.3365, 0.3204, 0.3041, 0.2877, 0.2713, 0.2548, 0.2381, 0.2215, 0.2047, 0.1879, 0.1711, 0.1541, 0.1372, 0.1202, 0.1031, 0.0860, 0.0689, 0.0517, 0.0345, 0.0173, 0.0000, 0.0000},
    { 0.6300, 0.6294, 0.6276, 0.6247, 0.6206, 0.6154, 0.6092, 0.6020, 0.5940, 0.5851, 0.5755, 0.5652, 0.5542, 0.5427, 0.5307, 0.5182, 0.5052, 0.4919, 0.4782, 0.4643, 0.4500, 0.4355, 0.4207, 0.4057, 0.3906, 0.3752, 0.3597, 0.3440, 0.3282, 0.3123, 0.2963, 0.2801, 0.2639, 0.2475, 0.2311, 0.2146, 0.1980, 0.1814, 0.1646, 0.1479, 0.1310, 0.1142, 0.0972, 0.0803, 0.0632, 0.0462, 0.0291, 0.0120, 0.0000, 0.0000},
    { 0.6120, 0.6114, 0.6098, 0.6070, 0.6031, 0.5983, 0.5924, 0.5856, 0.5780, 0.5696, 0.5604, 0.5505, 0.5400, 0.5289, 0.5173, 0.5052, 0.4927, 0.4798, 0.4665, 0.4529, 0.4390, 0.4248, 0.4103, 0.3957, 0.3808, 0.3657, 0.3505, 0.3351, 0.3195, 0.3038, 0.2880, 0.2721, 0.2560, 0.2399, 0.2236, 0.2073, 0.1909, 0.1744, 0.1578, 0.1412, 0.1245, 0.1078, 0.0910, 0.0742, 0.0573, 0.0403, 0.0233, 0.0063, 0.0000, 0.0000},
    { 0.5940, 0.5935, 0.5919, 0.5893, 0.5856, 0.5810, 0.5755, 0.5691, 0.5618, 0.5538, 0.5450, 0.5355, 0.5254, 0.5148, 0.5036, 0.4919, 0.4798, 0.4673, 0.4543, 0.4411, 0.4275, 0.4137, 0.3995, 0.3852, 0.3706, 0.3558, 0.3408, 0.3257, 0.3104, 0.2949, 0.2793, 0.2636, 0.2478, 0.2318, 0.2158, 0.1996, 0.1834, 0.1671, 0.1507, 0.1342, 0.1177, 0.1011, 0.0844, 0.0677, 0.0509, 0.0341, 0.0173, 0.0004, 0.0000, 0.0000},
    { 0.5760, 0.5755, 0.5740, 0.5715, 0.5681, 0.5637, 0.5585, 0.5524, 0.5454, 0.5378, 0.5294, 0.5203, 0.5106, 0.5003, 0.4895, 0.4782, 0.4665, 0.4543, 0.4418, 0.4289, 0.4157, 0.4021, 0.3883, 0.3743, 0.3600, 0.3455, 0.3308, 0.3159, 0.3008, 0.2856, 0.2703, 0.2548, 0.2391, 0.2234, 0.2075, 0.1916, 0.1755, 0.1594, 0.1431, 0.1268, 0.1105, 0.0940, 0.0775, 0.0609, 0.0443, 0.0276, 0.0109, 0.0000, 0.0000, 0.0000},
    { 0.5580, 0.5575, 0.5561, 0.5538, 0.5505, 0.5464, 0.5414, 0.5355, 0.5289, 0.5216, 0.5135, 0.5048, 0.4955, 0.4856, 0.4752, 0.4643, 0.4529, 0.4411, 0.4289, 0.4163, 0.4034, 0.3902, 0.3768, 0.3630, 0.3490, 0.3348, 0.3204, 0.3057, 0.2909, 0.2759, 0.2608, 0.2455, 0.2301, 0.2146, 0.1989, 0.1832, 0.1673, 0.1513, 0.1353, 0.1191, 0.1029, 0.0866, 0.0702, 0.0538, 0.0373, 0.0208, 0.0041, 0.0000, 0.0000, 0.0000},
    { 0.5400, 0.5396, 0.5382, 0.5360, 0.5329, 0.5289, 0.5241, 0.5186, 0.5123, 0.5052, 0.4975, 0.4891, 0.4802, 0.4706, 0.4606, 0.4500, 0.4390, 0.4275, 0.4157, 0.4034, 0.3909, 0.3780, 0.3648, 0.3514, 0.3377, 0.3237, 0.3096, 0.2952, 0.2806, 0.2659, 0.2510, 0.2359, 0.2208, 0.2054, 0.1900, 0.1744, 0.1587, 0.1429, 0.1270, 0.1111, 0.0950, 0.0789, 0.0627, 0.0464, 0.0300, 0.0136, 0.0000, 0.0000, 0.0000, 0.0000},
    { 0.5220, 0.5216, 0.5203, 0.5182, 0.5152, 0.5114, 0.5069, 0.5016, 0.4955, 0.4887, 0.4813, 0.4733, 0.4646, 0.4554, 0.4457, 0.4355, 0.4248, 0.4137, 0.4021, 0.3902, 0.3780, 0.3654, 0.3526, 0.3394, 0.3260, 0.3123, 0.2984, 0.2843, 0.2700, 0.2555, 0.2408, 0.2260, 0.2110, 0.1959, 0.1807, 0.1653, 0.1498, 0.1342, 0.1185, 0.1027, 0.0868, 0.0708, 0.0548, 0.0386, 0.0224, 0.0061, 0.0000, 0.0000, 0.0000, 0.0000},
    { 0.5040, 0.5036, 0.5024, 0.5003, 0.4975, 0.4939, 0.4895, 0.4844, 0.4786, 0.4721, 0.4650, 0.4573, 0.4489, 0.4400, 0.4306, 0.4207, 0.4103, 0.3995, 0.3883, 0.3768, 0.3648, 0.3526, 0.3400, 0.3271, 0.3140, 0.3006, 0.2869, 0.2731, 0.2590, 0.2448, 0.2304, 0.2158, 0.2010, 0.1861, 0.1711, 0.1559, 0.1406, 0.1252, 0.1096, 0.0940, 0.0783, 0.0625, 0.0466, 0.0306, 0.0145, 0.0000, 0.0000, 0.0000, 0.0000, 0.0000},
    { 0.4860, 0.4856, 0.4844, 0.4825, 0.4798, 0.4763, 0.4721, 0.4673, 0.4617, 0.4554, 0.4486, 0.4411, 0.4330, 0.4244, 0.4153, 0.4057, 0.3957, 0.3852, 0.3743, 0.3630, 0.3514, 0.3394, 0.3271, 0.3145, 0.3017, 0.2885, 0.2752, 0.2616, 0.2478, 0.2338, 0.2196, 0.2052, 0.1907, 0.1760, 0.1611, 0.1461, 0.1310, 0.1158, 0.1005, 0.0850, 0.0695, 0.0538, 0.0381, 0.0222, 0.0063, 0.0000, 0.0000, 0.0000, 0.0000, 0.0000},
    { 0.4680, 0.4676, 0.4665, 0.4646, 0.4620, 0.4587, 0.4547, 0.4500, 0.4446, 0.4386, 0.4320, 0.4248, 0.4170, 0.4087, 0.3999, 0.3906, 0.3808, 0.3706, 0.3600, 0.3490, 0.3377, 0.3260, 0.3140, 0.3017, 0.2891, 0.2762, 0.2631, 0.2498, 0.2362, 0.2224, 0.2085, 0.1943, 0.1800, 0.1655, 0.1509, 0.1361, 0.1212, 0.1062, 0.0910, 0.0757, 0.0603, 0.0449, 0.0293, 0.0136, 0.0000, 0.0000, 0.0000, 0.0000, 0.0000, 0.0000},
    { 0.4500, 0.4496, 0.4486, 0.4468, 0.4443, 0.4411, 0.4372, 0.4327, 0.4275, 0.4217, 0.4153, 0.4084, 0.4008, 0.3928, 0.3842, 0.3752, 0.3657, 0.3558, 0.3455, 0.3348, 0.3237, 0.3123, 0.3006, 0.2885, 0.2762, 0.2636, 0.2508, 0.2377, 0.2243, 0.2108, 0.1971, 0.1832, 0.1691, 0.1548, 0.1404, 0.1258, 0.1111, 0.0962, 0.0812, 0.0662, 0.0509, 0.0356, 0.0202, 0.0047, 0.0000, 0.0000, 0.0000, 0.0000, 0.0000, 0.0000},
    { 0.4320, 0.4317, 0.4306, 0.4289, 0.4265, 0.4234, 0.4197, 0.4153, 0.4103, 0.4048, 0.3986, 0.3918, 0.3846, 0.3768, 0.3685, 0.3597, 0.3505, 0.3408, 0.3308, 0.3204, 0.3096, 0.2984, 0.2869, 0.2752, 0.2631, 0.2508, 0.2381, 0.2253, 0.2122, 0.1989, 0.1854, 0.1717, 0.1578, 0.1438, 0.1296, 0.1152, 0.1007, 0.0860, 0.0712, 0.0563, 0.0413, 0.0261, 0.0109, 0.0000, 0.0000, 0.0000, 0.0000, 0.0000, 0.0000, 0.0000},
    { 0.4140, 0.4137, 0.4127, 0.4110, 0.4087, 0.4057, 0.4021, 0.3979, 0.3931, 0.3877, 0.3817, 0.3752, 0.3682, 0.3606, 0.3526, 0.3440, 0.3351, 0.3257, 0.3159, 0.3057, 0.2952, 0.2843, 0.2731, 0.2616, 0.2498, 0.2377, 0.2253, 0.2127, 0.1998, 0.1868, 0.1735, 0.1600, 0.1464, 0.1325, 0.1185, 0.1043, 0.0900, 0.0755, 0.0609, 0.0462, 0.0313, 0.0163, 0.0013, 0.0000, 0.0000, 0.0000, 0.0000, 0.0000, 0.0000, 0.0000},
    { 0.3960, 0.3957, 0.3947, 0.3931, 0.3909, 0.3880, 0.3846, 0.3805, 0.3758, 0.3706, 0.3648, 0.3585, 0.3517, 0.3443, 0.3365, 0.3282, 0.3195, 0.3104, 0.3008, 0.2909, 0.2806, 0.2700, 0.2590, 0.2478, 0.2362, 0.2243, 0.2122, 0.1998, 0.1872, 0.1744, 0.1613, 0.1481, 0.1346, 0.1210, 0.1072, 0.0932, 0.0791, 0.0648, 0.0504, 0.0358, 0.0211, 0.0063, 0.0000, 0.0000, 0.0000, 0.0000, 0.0000, 0.0000, 0.0000, 0.0000},
    { 0.3780, 0.3777, 0.3768, 0.3752, 0.3731, 0.3703, 0.3669, 0.3630, 0.3585, 0.3534, 0.3478, 0.3417, 0.3351, 0.3280, 0.3204, 0.3123, 0.3038, 0.2949, 0.2856, 0.2759, 0.2659, 0.2555, 0.2448, 0.2338, 0.2224, 0.2108, 0.1989, 0.1868, 0.1744, 0.1618, 0.1489, 0.1359, 0.1227, 0.1092, 0.0956, 0.0818, 0.0679, 0.0538, 0.0396, 0.0252, 0.0107, 0.0000, 0.0000, 0.0000, 0.0000, 0.0000, 0.0000, 0.0000, 0.0000, 0.0000},
    { 0.3600, 0.3597, 0.3588, 0.3573, 0.3552, 0.3526, 0.3493, 0.3455, 0.3411, 0.3362, 0.3308, 0.3248, 0.3184, 0.3115, 0.3041, 0.2963, 0.2880, 0.2793, 0.2703, 0.2608, 0.2510, 0.2408, 0.2304, 0.2196, 0.2085, 0.1971, 0.1854, 0.1735, 0.1613, 0.1489, 0.1363, 0.1235, 0.1105, 0.0972, 0.0838, 0.0702, 0.0565, 0.0426, 0.0285, 0.0143, 0.0000, 0.0000, 0.0000, 0.0000, 0.0000, 0.0000, 0.0000, 0.0000, 0.0000, 0.0000},
    { 0.3420, 0.3417, 0.3408, 0.3394, 0.3374, 0.3348, 0.3316, 0.3280, 0.3237, 0.3190, 0.3137, 0.3079, 0.3017, 0.2949, 0.2877, 0.2801, 0.2721, 0.2636, 0.2548, 0.2455, 0.2359, 0.2260, 0.2158, 0.2052, 0.1943, 0.1832, 0.1717, 0.1600, 0.1481, 0.1359, 0.1235, 0.1109, 0.0980, 0.0850, 0.0718, 0.0584, 0.0449, 0.0311, 0.0173, 0.0032, 0.0000, 0.0000, 0.0000, 0.0000, 0.0000, 0.0000, 0.0000, 0.0000, 0.0000, 0.0000},
    { 0.3240, 0.3237, 0.3229, 0.3215, 0.3195, 0.3170, 0.3140, 0.3104, 0.3063, 0.3017, 0.2965, 0.2909, 0.2848, 0.2783, 0.2713, 0.2639, 0.2560, 0.2478, 0.2391, 0.2301, 0.2208, 0.2110, 0.2010, 0.1907, 0.1800, 0.1691, 0.1578, 0.1464, 0.1346, 0.1227, 0.1105, 0.0980, 0.0854, 0.0726, 0.0596, 0.0464, 0.0330, 0.0195, 0.0058, 0.0000, 0.0000, 0.0000, 0.0000, 0.0000, 0.0000, 0.0000, 0.0000, 0.0000, 0.0000, 0.0000},
    { 0.3060, 0.3057, 0.3049, 0.3036, 0.3017, 0.2992, 0.2963, 0.2928, 0.2888, 0.2843, 0.2793, 0.2739, 0.2679, 0.2616, 0.2548, 0.2475, 0.2399, 0.2318, 0.2234, 0.2146, 0.2054, 0.1959, 0.1861, 0.1760, 0.1655, 0.1548, 0.1438, 0.1325, 0.1210, 0.1092, 0.0972, 0.0850, 0.0726, 0.0600, 0.0471, 0.0341, 0.0209, 0.0076, 0.0000, 0.0000, 0.0000, 0.0000, 0.0000, 0.0000, 0.0000, 0.0000, 0.0000, 0.0000, 0.0000, 0.0000},
    { 0.2880, 0.2877, 0.2869, 0.2856, 0.2838, 0.2814, 0.2785, 0.2752, 0.2713, 0.2669, 0.2621, 0.2568, 0.2510, 0.2448, 0.2381, 0.2311, 0.2236, 0.2158, 0.2075, 0.1989, 0.1900, 0.1807, 0.1711, 0.1611, 0.1509, 0.1404, 0.1296, 0.1185, 0.1072, 0.0956, 0.0838, 0.0718, 0.0596, 0.0471, 0.0345, 0.0217, 0.0087, 0.0000, 0.0000, 0.0000, 0.0000, 0.0000, 0.0000, 0.0000, 0.0000, 0.0000, 0.0000, 0.0000, 0.0000, 0.0000},
    { 0.2700, 0.2697, 0.2690, 0.2677, 0.2659, 0.2636, 0.2608, 0.2575, 0.2538, 0.2495, 0.2448, 0.2396, 0.2340, 0.2279, 0.2215, 0.2146, 0.2073, 0.1996, 0.1916, 0.1832, 0.1744, 0.1653, 0.1559, 0.1461, 0.1361, 0.1258, 0.1152, 0.1043, 0.0932, 0.0818, 0.0702, 0.0584, 0.0464, 0.0341, 0.0217, 0.0090, 0.0000, 0.0000, 0.0000, 0.0000, 0.0000, 0.0000, 0.0000, 0.0000, 0.0000, 0.0000, 0.0000, 0.0000, 0.0000, 0.0000},
    { 0.2520, 0.2518, 0.2510, 0.2498, 0.2480, 0.2458, 0.2431, 0.2399, 0.2362, 0.2321, 0.2275, 0.2224, 0.2169, 0.2110, 0.2047, 0.1980, 0.1909, 0.1834, 0.1755, 0.1673, 0.1587, 0.1498, 0.1406, 0.1310, 0.1212, 0.1111, 0.1007, 0.0900, 0.0791, 0.0679, 0.0565, 0.0449, 0.0330, 0.0209, 0.0087, 0.0000, 0.0000, 0.0000, 0.0000, 0.0000, 0.0000, 0.0000, 0.0000, 0.0000, 0.0000, 0.0000, 0.0000, 0.0000, 0.0000, 0.0000},
    { 0.2340, 0.2338, 0.2330, 0.2318, 0.2301, 0.2279, 0.2253, 0.2222, 0.2186, 0.2146, 0.2101, 0.2052, 0.1998, 0.1941, 0.1879, 0.1814, 0.1744, 0.1671, 0.1594, 0.1513, 0.1429, 0.1342, 0.1252, 0.1158, 0.1062, 0.0962, 0.0860, 0.0755, 0.0648, 0.0538, 0.0426, 0.0311, 0.0195, 0.0076, 0.0000, 0.0000, 0.0000, 0.0000, 0.0000, 0.0000, 0.0000, 0.0000, 0.0000, 0.0000, 0.0000, 0.0000, 0.0000, 0.0000, 0.0000, 0.0000},
    { 0.2160, 0.2158, 0.2151, 0.2139, 0.2122, 0.2101, 0.2075, 0.2045, 0.2010, 0.1971, 0.1927, 0.1879, 0.1827, 0.1771, 0.1711, 0.1646, 0.1578, 0.1507, 0.1431, 0.1353, 0.1270, 0.1185, 0.1096, 0.1005, 0.0910, 0.0812, 0.0712, 0.0609, 0.0504, 0.0396, 0.0285, 0.0173, 0.0058, 0.0000, 0.0000, 0.0000, 0.0000, 0.0000, 0.0000, 0.0000, 0.0000, 0.0000, 0.0000, 0.0000, 0.0000, 0.0000, 0.0000, 0.0000, 0.0000, 0.0000},
    { 0.1980, 0.1978, 0.1971, 0.1959, 0.1943, 0.1923, 0.1897, 0.1868, 0.1834, 0.1796, 0.1753, 0.1706, 0.1655, 0.1600, 0.1541, 0.1479, 0.1412, 0.1342, 0.1268, 0.1191, 0.1111, 0.1027, 0.0940, 0.0850, 0.0757, 0.0662, 0.0563, 0.0462, 0.0358, 0.0252, 0.0143, 0.0032, 0.0000, 0.0000, 0.0000, 0.0000, 0.0000, 0.0000, 0.0000, 0.0000, 0.0000, 0.0000, 0.0000, 0.0000, 0.0000, 0.0000, 0.0000, 0.0000, 0.0000, 0.0000},
    { 0.1800, 0.1798, 0.1791, 0.1780, 0.1764, 0.1744, 0.1719, 0.1691, 0.1657, 0.1620, 0.1578, 0.1533, 0.1483, 0.1429, 0.1372, 0.1310, 0.1245, 0.1177, 0.1105, 0.1029, 0.0950, 0.0868, 0.0783, 0.0695, 0.0603, 0.0509, 0.0413, 0.0313, 0.0211, 0.0107, 0.0000, 0.0000, 0.0000, 0.0000, 0.0000, 0.0000, 0.0000, 0.0000, 0.0000, 0.0000, 0.0000, 0.0000, 0.0000, 0.0000, 0.0000, 0.0000, 0.0000, 0.0000, 0.0000, 0.0000},
    { 0.1620, 0.1618, 0.1611, 0.1600, 0.1585, 0.1565, 0.1541, 0.1513, 0.1481, 0.1444, 0.1404, 0.1359, 0.1310, 0.1258, 0.1202, 0.1142, 0.1078, 0.1011, 0.0940, 0.0866, 0.0789, 0.0708, 0.0625, 0.0538, 0.0449, 0.0356, 0.0261, 0.0163, 0.0063, 0.0000, 0.0000, 0.0000, 0.0000, 0.0000, 0.0000, 0.0000, 0.0000, 0.0000, 0.0000, 0.0000, 0.0000, 0.0000, 0.0000, 0.0000, 0.0000, 0.0000, 0.0000, 0.0000, 0.0000, 0.0000},
    { 0.1440, 0.1438, 0.1431, 0.1421, 0.1406, 0.1387, 0.1363, 0.1336, 0.1304, 0.1268, 0.1229, 0.1185, 0.1137, 0.1086, 0.1031, 0.0972, 0.0910, 0.0844, 0.0775, 0.0702, 0.0627, 0.0548, 0.0466, 0.0381, 0.0293, 0.0202, 0.0109, 0.0013, 0.0000, 0.0000, 0.0000, 0.0000, 0.0000, 0.0000, 0.0000, 0.0000, 0.0000, 0.0000, 0.0000, 0.0000, 0.0000, 0.0000, 0.0000, 0.0000, 0.0000, 0.0000, 0.0000, 0.0000, 0.0000, 0.0000},
    { 0.1260, 0.1258, 0.1252, 0.1241, 0.1227, 0.1208, 0.1185, 0.1158, 0.1127, 0.1092, 0.1053, 0.1011, 0.0964, 0.0914, 0.0860, 0.0803, 0.0742, 0.0677, 0.0609, 0.0538, 0.0464, 0.0386, 0.0306, 0.0222, 0.0136, 0.0047, 0.0000, 0.0000, 0.0000, 0.0000, 0.0000, 0.0000, 0.0000, 0.0000, 0.0000, 0.0000, 0.0000, 0.0000, 0.0000, 0.0000, 0.0000, 0.0000, 0.0000, 0.0000, 0.0000, 0.0000, 0.0000, 0.0000, 0.0000, 0.0000},
    { 0.1080, 0.1078, 0.1072, 0.1062, 0.1047, 0.1029, 0.1007, 0.0980, 0.0950, 0.0916, 0.0878, 0.0836, 0.0791, 0.0742, 0.0689, 0.0632, 0.0573, 0.0509, 0.0443, 0.0373, 0.0300, 0.0224, 0.0145, 0.0063, 0.0000, 0.0000, 0.0000, 0.0000, 0.0000, 0.0000, 0.0000, 0.0000, 0.0000, 0.0000, 0.0000, 0.0000, 0.0000, 0.0000, 0.0000, 0.0000, 0.0000, 0.0000, 0.0000, 0.0000, 0.0000, 0.0000, 0.0000, 0.0000, 0.0000, 0.0000},
    { 0.0900, 0.0898, 0.0892, 0.0882, 0.0868, 0.0850, 0.0828, 0.0803, 0.0773, 0.0740, 0.0702, 0.0662, 0.0617, 0.0569, 0.0517, 0.0462, 0.0403, 0.0341, 0.0276, 0.0208, 0.0136, 0.0061, 0.0000, 0.0000, 0.0000, 0.0000, 0.0000, 0.0000, 0.0000, 0.0000, 0.0000, 0.0000, 0.0000, 0.0000, 0.0000, 0.0000, 0.0000, 0.0000, 0.0000, 0.0000, 0.0000, 0.0000, 0.0000, 0.0000, 0.0000, 0.0000, 0.0000, 0.0000, 0.0000, 0.0000},
    { 0.0720, 0.0718, 0.0712, 0.0702, 0.0689, 0.0671, 0.0650, 0.0625, 0.0596, 0.0563, 0.0527, 0.0487, 0.0443, 0.0396, 0.0345, 0.0291, 0.0233, 0.0173, 0.0109, 0.0041, 0.0000, 0.0000, 0.0000, 0.0000, 0.0000, 0.0000, 0.0000, 0.0000, 0.0000, 0.0000, 0.0000, 0.0000, 0.0000, 0.0000, 0.0000, 0.0000, 0.0000, 0.0000, 0.0000, 0.0000, 0.0000, 0.0000, 0.0000, 0.0000, 0.0000, 0.0000, 0.0000, 0.0000, 0.0000, 0.0000},
    { 0.0540, 0.0538, 0.0532, 0.0523, 0.0509, 0.0492, 0.0471, 0.0447, 0.0418, 0.0386, 0.0351, 0.0311, 0.0269, 0.0222, 0.0173, 0.0120, 0.0063, 0.0004, 0.0000, 0.0000, 0.0000, 0.0000, 0.0000, 0.0000, 0.0000, 0.0000, 0.0000, 0.0000, 0.0000, 0.0000, 0.0000, 0.0000, 0.0000, 0.0000, 0.0000, 0.0000, 0.0000, 0.0000, 0.0000, 0.0000, 0.0000, 0.0000, 0.0000, 0.0000, 0.0000, 0.0000, 0.0000, 0.0000, 0.0000, 0.0000},
    { 0.0360, 0.0358, 0.0353, 0.0343, 0.0330, 0.0313, 0.0293, 0.0269, 0.0241, 0.0209, 0.0174, 0.0136, 0.0094, 0.0049, 0.0000, 0.0000, 0.0000, 0.0000, 0.0000, 0.0000, 0.0000, 0.0000, 0.0000, 0.0000, 0.0000, 0.0000, 0.0000, 0.0000, 0.0000, 0.0000, 0.0000, 0.0000, 0.0000, 0.0000, 0.0000, 0.0000, 0.0000, 0.0000, 0.0000, 0.0000, 0.0000, 0.0000, 0.0000, 0.0000, 0.0000, 0.0000, 0.0000, 0.0000, 0.0000, 0.0000},
    { 0.0180, 0.0178, 0.0173, 0.0163, 0.0151, 0.0134, 0.0114, 0.0090, 0.0063, 0.0032, 0.0000, 0.0000, 0.0000, 0.0000, 0.0000, 0.0000, 0.0000, 0.0000, 0.0000, 0.0000, 0.0000, 0.0000, 0.0000, 0.0000, 0.0000, 0.0000, 0.0000, 0.0000, 0.0000, 0.0000, 0.0000, 0.0000, 0.0000, 0.0000, 0.0000, 0.0000, 0.0000, 0.0000, 0.0000, 0.0000, 0.0000, 0.0000, 0.0000, 0.0000, 0.0000, 0.0000, 0.0000, 0.0000, 0.0000, 0.0000},
};
#endif _ratetables_h_
