#ifndef _ratetables_h_
#define _ratetables_h_

//预先生成的形变衰减率
static const int RateTablesCount = 50;
static const float RateTables[RateTablesCount][RateTablesCount] = {
    { 0.8000, 0.7840, 0.7680, 0.7520, 0.7360, 0.7200, 0.7040, 0.6880, 0.6720, 0.6560, 0.6400, 0.6240, 0.6080, 0.5920, 0.5760, 0.5600, 0.5440, 0.5280, 0.5120, 0.4960, 0.4800, 0.4640, 0.4480, 0.4320, 0.4160, 0.4000, 0.3840, 0.3680, 0.3520, 0.3360, 0.3200, 0.3040, 0.2880, 0.2720, 0.2560, 0.2400, 0.2240, 0.2080, 0.1920, 0.1760, 0.1600, 0.1440, 0.1280, 0.1120, 0.0960, 0.0800, 0.0640, 0.0480, 0.0320, 0.0160},
    { 0.7840, 0.7774, 0.7642, 0.7494, 0.7340, 0.7184, 0.7027, 0.6869, 0.6710, 0.6551, 0.6392, 0.6233, 0.6073, 0.5914, 0.5754, 0.5595, 0.5435, 0.5275, 0.5116, 0.4956, 0.4796, 0.4636, 0.4476, 0.4317, 0.4157, 0.3997, 0.3837, 0.3677, 0.3517, 0.3357, 0.3197, 0.3037, 0.2878, 0.2718, 0.2558, 0.2398, 0.2238, 0.2078, 0.1918, 0.1758, 0.1598, 0.1438, 0.1278, 0.1118, 0.0958, 0.0798, 0.0638, 0.0478, 0.0318, 0.0158},
    { 0.7680, 0.7642, 0.7547, 0.7423, 0.7284, 0.7138, 0.6988, 0.6835, 0.6681, 0.6525, 0.6368, 0.6211, 0.6054, 0.5896, 0.5737, 0.5579, 0.5420, 0.5261, 0.5102, 0.4943, 0.4784, 0.4625, 0.4465, 0.4306, 0.4147, 0.3987, 0.3828, 0.3668, 0.3509, 0.3349, 0.3189, 0.3030, 0.2870, 0.2710, 0.2551, 0.2391, 0.2231, 0.2071, 0.1912, 0.1752, 0.1592, 0.1432, 0.1272, 0.1113, 0.0953, 0.0793, 0.0633, 0.0473, 0.0313, 0.0153},
    { 0.7520, 0.7494, 0.7423, 0.7321, 0.7200, 0.7067, 0.6927, 0.6781, 0.6633, 0.6482, 0.6330, 0.6176, 0.6021, 0.5865, 0.5709, 0.5552, 0.5395, 0.5238, 0.5080, 0.4922, 0.4764, 0.4606, 0.4447, 0.4289, 0.4130, 0.3971, 0.3812, 0.3653, 0.3494, 0.3335, 0.3176, 0.3017, 0.2858, 0.2698, 0.2539, 0.2379, 0.2220, 0.2061, 0.1901, 0.1742, 0.1582, 0.1422, 0.1263, 0.1103, 0.0944, 0.0784, 0.0624, 0.0465, 0.0305, 0.0145},
    { 0.7360, 0.7340, 0.7284, 0.7200, 0.7095, 0.6976, 0.6846, 0.6710, 0.6569, 0.6424, 0.6277, 0.6127, 0.5976, 0.5824, 0.5670, 0.5516, 0.5361, 0.5206, 0.5050, 0.4893, 0.4737, 0.4580, 0.4422, 0.4265, 0.4107, 0.3949, 0.3791, 0.3633, 0.3475, 0.3316, 0.3158, 0.2999, 0.2840, 0.2681, 0.2522, 0.2364, 0.2205, 0.2046, 0.1886, 0.1727, 0.1568, 0.1409, 0.1250, 0.1090, 0.0931, 0.0772, 0.0612, 0.0453, 0.0293, 0.0134},
    { 0.7200, 0.7184, 0.7138, 0.7067, 0.6976, 0.6869, 0.6750, 0.6624, 0.6491, 0.6353, 0.6211, 0.6067, 0.5920, 0.5771, 0.5621, 0.5470, 0.5318, 0.5165, 0.5011, 0.4856, 0.4702, 0.4546, 0.4390, 0.4234, 0.4078, 0.3921, 0.3764, 0.3607, 0.3449, 0.3292, 0.3134, 0.2976, 0.2818, 0.2660, 0.2501, 0.2343, 0.2185, 0.2026, 0.1868, 0.1709, 0.1550, 0.1391, 0.1233, 0.1074, 0.0915, 0.0756, 0.0597, 0.0438, 0.0278, 0.0119},
    { 0.7040, 0.7027, 0.6988, 0.6927, 0.6846, 0.6750, 0.6642, 0.6525, 0.6400, 0.6269, 0.6134, 0.5995, 0.5853, 0.5709, 0.5563, 0.5415, 0.5266, 0.5116, 0.4964, 0.4812, 0.4659, 0.4506, 0.4351, 0.4197, 0.4042, 0.3886, 0.3731, 0.3575, 0.3418, 0.3262, 0.3105, 0.2948, 0.2791, 0.2633, 0.2476, 0.2318, 0.2161, 0.2003, 0.1845, 0.1687, 0.1528, 0.1370, 0.1212, 0.1053, 0.0895, 0.0736, 0.0578, 0.0419, 0.0260, 0.0101},
    { 0.6880, 0.6869, 0.6835, 0.6781, 0.6710, 0.6624, 0.6525, 0.6416, 0.6299, 0.6176, 0.6047, 0.5914, 0.5777, 0.5638, 0.5496, 0.5352, 0.5206, 0.5058, 0.4910, 0.4760, 0.4610, 0.4458, 0.4306, 0.4153, 0.4000, 0.3846, 0.3692, 0.3537, 0.3382, 0.3227, 0.3071, 0.2915, 0.2759, 0.2603, 0.2446, 0.2289, 0.2132, 0.1975, 0.1818, 0.1660, 0.1503, 0.1345, 0.1187, 0.1029, 0.0871, 0.0713, 0.0555, 0.0397, 0.0239, 0.0080},
    { 0.6720, 0.6710, 0.6681, 0.6633, 0.6569, 0.6491, 0.6400, 0.6299, 0.6190, 0.6073, 0.5951, 0.5824, 0.5692, 0.5558, 0.5420, 0.5280, 0.5138, 0.4994, 0.4848, 0.4702, 0.4553, 0.4404, 0.4254, 0.4104, 0.3952, 0.3800, 0.3648, 0.3494, 0.3341, 0.3187, 0.3032, 0.2878, 0.2722, 0.2567, 0.2411, 0.2256, 0.2099, 0.1943, 0.1787, 0.1630, 0.1473, 0.1316, 0.1159, 0.1002, 0.0845, 0.0687, 0.0530, 0.0372, 0.0214, 0.0056},
    { 0.6560, 0.6551, 0.6525, 0.6482, 0.6424, 0.6353, 0.6269, 0.6176, 0.6073, 0.5964, 0.5847, 0.5726, 0.5600, 0.5470, 0.5337, 0.5201, 0.5063, 0.4922, 0.4780, 0.4636, 0.4491, 0.4344, 0.4197, 0.4048, 0.3899, 0.3749, 0.3598, 0.3446, 0.3294, 0.3142, 0.2989, 0.2835, 0.2681, 0.2527, 0.2373, 0.2218, 0.2063, 0.1907, 0.1752, 0.1596, 0.1440, 0.1284, 0.1127, 0.0971, 0.0814, 0.0657, 0.0500, 0.0343, 0.0186, 0.0029},
    { 0.6400, 0.6392, 0.6368, 0.6330, 0.6277, 0.6211, 0.6134, 0.6047, 0.5951, 0.5847, 0.5737, 0.5621, 0.5501, 0.5376, 0.5247, 0.5116, 0.4981, 0.4844, 0.4705, 0.4565, 0.4422, 0.4278, 0.4133, 0.3987, 0.3840, 0.3692, 0.3543, 0.3393, 0.3243, 0.3092, 0.2940, 0.2788, 0.2636, 0.2483, 0.2330, 0.2176, 0.2022, 0.1868, 0.1713, 0.1558, 0.1403, 0.1248, 0.1092, 0.0936, 0.0780, 0.0624, 0.0468, 0.0312, 0.0155, 0.0000},
    { 0.6240, 0.6233, 0.6211, 0.6176, 0.6127, 0.6067, 0.5995, 0.5914, 0.5824, 0.5726, 0.5621, 0.5511, 0.5395, 0.5275, 0.5151, 0.5024, 0.4893, 0.4760, 0.4625, 0.4487, 0.4348, 0.4207, 0.4065, 0.3921, 0.3776, 0.3630, 0.3483, 0.3335, 0.3187, 0.3037, 0.2888, 0.2737, 0.2586, 0.2434, 0.2282, 0.2130, 0.1977, 0.1824, 0.1670, 0.1517, 0.1362, 0.1208, 0.1053, 0.0898, 0.0743, 0.0588, 0.0432, 0.0277, 0.0121, 0.0000},
    { 0.6080, 0.6073, 0.6054, 0.6021, 0.5976, 0.5920, 0.5853, 0.5777, 0.5692, 0.5600, 0.5501, 0.5395, 0.5285, 0.5169, 0.5050, 0.4927, 0.4800, 0.4671, 0.4539, 0.4404, 0.4268, 0.4130, 0.3990, 0.3849, 0.3707, 0.3563, 0.3418, 0.3273, 0.3126, 0.2978, 0.2830, 0.2681, 0.2532, 0.2382, 0.2231, 0.2080, 0.1928, 0.1776, 0.1624, 0.1471, 0.1318, 0.1165, 0.1011, 0.0857, 0.0703, 0.0548, 0.0394, 0.0239, 0.0084, 0.0000},
    { 0.5920, 0.5914, 0.5896, 0.5865, 0.5824, 0.5771, 0.5709, 0.5638, 0.5558, 0.5470, 0.5376, 0.5275, 0.5169, 0.5058, 0.4943, 0.4824, 0.4702, 0.4576, 0.4447, 0.4317, 0.4183, 0.4048, 0.3911, 0.3773, 0.3633, 0.3492, 0.3349, 0.3205, 0.3061, 0.2915, 0.2769, 0.2622, 0.2474, 0.2325, 0.2176, 0.2026, 0.1876, 0.1725, 0.1574, 0.1422, 0.1270, 0.1118, 0.0965, 0.0812, 0.0659, 0.0506, 0.0352, 0.0198, 0.0043, 0.0000},
    { 0.5760, 0.5754, 0.5737, 0.5709, 0.5670, 0.5621, 0.5563, 0.5496, 0.5420, 0.5337, 0.5247, 0.5151, 0.5050, 0.4943, 0.4832, 0.4717, 0.4598, 0.4476, 0.4351, 0.4224, 0.4094, 0.3962, 0.3828, 0.3692, 0.3554, 0.3416, 0.3275, 0.3134, 0.2991, 0.2848, 0.2703, 0.2558, 0.2411, 0.2264, 0.2117, 0.1969, 0.1820, 0.1670, 0.1520, 0.1370, 0.1219, 0.1068, 0.0916, 0.0765, 0.0612, 0.0460, 0.0307, 0.0153, 0.0000, 0.0000},
    { 0.5600, 0.5595, 0.5579, 0.5552, 0.5516, 0.5470, 0.5415, 0.5352, 0.5280, 0.5201, 0.5116, 0.5024, 0.4927, 0.4824, 0.4717, 0.4606, 0.4491, 0.4373, 0.4251, 0.4127, 0.4000, 0.3871, 0.3740, 0.3607, 0.3472, 0.3335, 0.3197, 0.3058, 0.2918, 0.2776, 0.2633, 0.2490, 0.2345, 0.2200, 0.2054, 0.1907, 0.1760, 0.1612, 0.1463, 0.1314, 0.1165, 0.1015, 0.0864, 0.0713, 0.0562, 0.0411, 0.0259, 0.0106, 0.0000, 0.0000},
    { 0.5440, 0.5435, 0.5420, 0.5395, 0.5361, 0.5318, 0.5266, 0.5206, 0.5138, 0.5063, 0.4981, 0.4893, 0.4800, 0.4702, 0.4598, 0.4491, 0.4380, 0.4265, 0.4147, 0.4026, 0.3902, 0.3776, 0.3648, 0.3517, 0.3385, 0.3251, 0.3115, 0.2978, 0.2840, 0.2701, 0.2560, 0.2418, 0.2276, 0.2132, 0.1988, 0.1843, 0.1697, 0.1550, 0.1403, 0.1255, 0.1107, 0.0958, 0.0809, 0.0659, 0.0509, 0.0358, 0.0207, 0.0056, 0.0000, 0.0000},
    { 0.5280, 0.5275, 0.5261, 0.5238, 0.5206, 0.5165, 0.5116, 0.5058, 0.4994, 0.4922, 0.4844, 0.4760, 0.4671, 0.4576, 0.4476, 0.4373, 0.4265, 0.4153, 0.4039, 0.3921, 0.3800, 0.3677, 0.3552, 0.3424, 0.3294, 0.3163, 0.3030, 0.2895, 0.2759, 0.2622, 0.2483, 0.2343, 0.2202, 0.2061, 0.1918, 0.1774, 0.1630, 0.1485, 0.1339, 0.1193, 0.1046, 0.0898, 0.0750, 0.0602, 0.0453, 0.0303, 0.0153, 0.0003, 0.0000, 0.0000},
    { 0.5120, 0.5116, 0.5102, 0.5080, 0.5050, 0.5011, 0.4964, 0.4910, 0.4848, 0.4780, 0.4705, 0.4625, 0.4539, 0.4447, 0.4351, 0.4251, 0.4147, 0.4039, 0.3927, 0.3812, 0.3695, 0.3575, 0.3452, 0.3327, 0.3200, 0.3071, 0.2940, 0.2808, 0.2674, 0.2539, 0.2402, 0.2264, 0.2126, 0.1986, 0.1845, 0.1703, 0.1560, 0.1417, 0.1272, 0.1127, 0.0982, 0.0836, 0.0689, 0.0542, 0.0394, 0.0245, 0.0097, 0.0000, 0.0000, 0.0000},
    { 0.4960, 0.4956, 0.4943, 0.4922, 0.4893, 0.4856, 0.4812, 0.4760, 0.4702, 0.4636, 0.4565, 0.4487, 0.4404, 0.4317, 0.4224, 0.4127, 0.4026, 0.3921, 0.3812, 0.3701, 0.3586, 0.3469, 0.3349, 0.3227, 0.3102, 0.2976, 0.2848, 0.2718, 0.2586, 0.2453, 0.2318, 0.2183, 0.2046, 0.1907, 0.1768, 0.1628, 0.1487, 0.1345, 0.1202, 0.1059, 0.0915, 0.0770, 0.0624, 0.0478, 0.0332, 0.0185, 0.0037, 0.0000, 0.0000, 0.0000},
    { 0.4800, 0.4796, 0.4784, 0.4764, 0.4737, 0.4702, 0.4659, 0.4610, 0.4553, 0.4491, 0.4422, 0.4348, 0.4268, 0.4183, 0.4094, 0.4000, 0.3902, 0.3800, 0.3695, 0.3586, 0.3475, 0.3360, 0.3243, 0.3123, 0.3001, 0.2878, 0.2752, 0.2624, 0.2495, 0.2364, 0.2231, 0.2097, 0.1962, 0.1826, 0.1689, 0.1550, 0.1411, 0.1270, 0.1129, 0.0987, 0.0845, 0.0701, 0.0557, 0.0412, 0.0267, 0.0121, 0.0000, 0.0000, 0.0000, 0.0000},
    { 0.4640, 0.4636, 0.4625, 0.4606, 0.4580, 0.4546, 0.4506, 0.4458, 0.4404, 0.4344, 0.4278, 0.4207, 0.4130, 0.4048, 0.3962, 0.3871, 0.3776, 0.3677, 0.3575, 0.3469, 0.3360, 0.3248, 0.3134, 0.3017, 0.2898, 0.2776, 0.2653, 0.2527, 0.2400, 0.2271, 0.2141, 0.2009, 0.1876, 0.1742, 0.1606, 0.1469, 0.1332, 0.1193, 0.1053, 0.0913, 0.0772, 0.0630, 0.0487, 0.0343, 0.0199, 0.0055, 0.0000, 0.0000, 0.0000, 0.0000},
    { 0.4480, 0.4476, 0.4465, 0.4447, 0.4422, 0.4390, 0.4351, 0.4306, 0.4254, 0.4197, 0.4133, 0.4065, 0.3990, 0.3911, 0.3828, 0.3740, 0.3648, 0.3552, 0.3452, 0.3349, 0.3243, 0.3134, 0.3022, 0.2908, 0.2791, 0.2672, 0.2551, 0.2427, 0.2303, 0.2176, 0.2048, 0.1918, 0.1787, 0.1654, 0.1520, 0.1386, 0.1250, 0.1113, 0.0975, 0.0836, 0.0696, 0.0555, 0.0414, 0.0272, 0.0129, 0.0000, 0.0000, 0.0000, 0.0000, 0.0000},
    { 0.4320, 0.4317, 0.4306, 0.4289, 0.4265, 0.4234, 0.4197, 0.4153, 0.4104, 0.4048, 0.3987, 0.3921, 0.3849, 0.3773, 0.3692, 0.3607, 0.3517, 0.3424, 0.3327, 0.3227, 0.3123, 0.3017, 0.2908, 0.2796, 0.2681, 0.2565, 0.2446, 0.2325, 0.2202, 0.2078, 0.1952, 0.1824, 0.1695, 0.1564, 0.1432, 0.1299, 0.1165, 0.1029, 0.0893, 0.0756, 0.0617, 0.0478, 0.0338, 0.0198, 0.0056, 0.0000, 0.0000, 0.0000, 0.0000, 0.0000},
    { 0.4160, 0.4157, 0.4147, 0.4130, 0.4107, 0.4078, 0.4042, 0.4000, 0.3952, 0.3899, 0.3840, 0.3776, 0.3707, 0.3633, 0.3554, 0.3472, 0.3385, 0.3294, 0.3200, 0.3102, 0.3001, 0.2898, 0.2791, 0.2681, 0.2569, 0.2455, 0.2339, 0.2220, 0.2099, 0.1977, 0.1853, 0.1727, 0.1600, 0.1471, 0.1341, 0.1210, 0.1077, 0.0944, 0.0809, 0.0673, 0.0536, 0.0399, 0.0260, 0.0121, 0.0000, 0.0000, 0.0000, 0.0000, 0.0000, 0.0000},
    { 0.4000, 0.3997, 0.3987, 0.3971, 0.3949, 0.3921, 0.3886, 0.3846, 0.3800, 0.3749, 0.3692, 0.3630, 0.3563, 0.3492, 0.3416, 0.3335, 0.3251, 0.3163, 0.3071, 0.2976, 0.2878, 0.2776, 0.2672, 0.2565, 0.2455, 0.2343, 0.2229, 0.2113, 0.1994, 0.1874, 0.1752, 0.1628, 0.1503, 0.1376, 0.1248, 0.1118, 0.0987, 0.0855, 0.0722, 0.0588, 0.0453, 0.0317, 0.0180, 0.0042, 0.0000, 0.0000, 0.0000, 0.0000, 0.0000, 0.0000},
    { 0.3840, 0.3837, 0.3828, 0.3812, 0.3791, 0.3764, 0.3731, 0.3692, 0.3648, 0.3598, 0.3543, 0.3483, 0.3418, 0.3349, 0.3275, 0.3197, 0.3115, 0.3030, 0.2940, 0.2848, 0.2752, 0.2653, 0.2551, 0.2446, 0.2339, 0.2229, 0.2117, 0.2003, 0.1886, 0.1768, 0.1648, 0.1526, 0.1403, 0.1278, 0.1152, 0.1024, 0.0895, 0.0765, 0.0633, 0.0500, 0.0367, 0.0232, 0.0097, 0.0000, 0.0000, 0.0000, 0.0000, 0.0000, 0.0000, 0.0000},
    { 0.3680, 0.3677, 0.3668, 0.3653, 0.3633, 0.3607, 0.3575, 0.3537, 0.3494, 0.3446, 0.3393, 0.3335, 0.3273, 0.3205, 0.3134, 0.3058, 0.2978, 0.2895, 0.2808, 0.2718, 0.2624, 0.2527, 0.2427, 0.2325, 0.2220, 0.2113, 0.2003, 0.1891, 0.1776, 0.1660, 0.1542, 0.1422, 0.1301, 0.1178, 0.1053, 0.0927, 0.0800, 0.0671, 0.0542, 0.0411, 0.0278, 0.0145, 0.0011, 0.0000, 0.0000, 0.0000, 0.0000, 0.0000, 0.0000, 0.0000},
    { 0.3520, 0.3517, 0.3509, 0.3494, 0.3475, 0.3449, 0.3418, 0.3382, 0.3341, 0.3294, 0.3243, 0.3187, 0.3126, 0.3061, 0.2991, 0.2918, 0.2840, 0.2759, 0.2674, 0.2586, 0.2495, 0.2400, 0.2303, 0.2202, 0.2099, 0.1994, 0.1886, 0.1776, 0.1664, 0.1550, 0.1434, 0.1316, 0.1197, 0.1075, 0.0953, 0.0829, 0.0703, 0.0576, 0.0448, 0.0318, 0.0188, 0.0056, 0.0000, 0.0000, 0.0000, 0.0000, 0.0000, 0.0000, 0.0000, 0.0000},
    { 0.3360, 0.3357, 0.3349, 0.3335, 0.3316, 0.3292, 0.3262, 0.3227, 0.3187, 0.3142, 0.3092, 0.3037, 0.2978, 0.2915, 0.2848, 0.2776, 0.2701, 0.2622, 0.2539, 0.2453, 0.2364, 0.2271, 0.2176, 0.2078, 0.1977, 0.1874, 0.1768, 0.1660, 0.1550, 0.1438, 0.1324, 0.1208, 0.1090, 0.0971, 0.0850, 0.0727, 0.0604, 0.0478, 0.0352, 0.0224, 0.0095, 0.0000, 0.0000, 0.0000, 0.0000, 0.0000, 0.0000, 0.0000, 0.0000, 0.0000},
    { 0.3200, 0.3197, 0.3189, 0.3176, 0.3158, 0.3134, 0.3105, 0.3071, 0.3032, 0.2989, 0.2940, 0.2888, 0.2830, 0.2769, 0.2703, 0.2633, 0.2560, 0.2483, 0.2402, 0.2318, 0.2231, 0.2141, 0.2048, 0.1952, 0.1853, 0.1752, 0.1648, 0.1542, 0.1434, 0.1324, 0.1212, 0.1098, 0.0982, 0.0864, 0.0745, 0.0624, 0.0502, 0.0379, 0.0254, 0.0127, 0.0000, 0.0000, 0.0000, 0.0000, 0.0000, 0.0000, 0.0000, 0.0000, 0.0000, 0.0000},
    { 0.3040, 0.3037, 0.3030, 0.3017, 0.2999, 0.2976, 0.2948, 0.2915, 0.2878, 0.2835, 0.2788, 0.2737, 0.2681, 0.2622, 0.2558, 0.2490, 0.2418, 0.2343, 0.2264, 0.2183, 0.2097, 0.2009, 0.1918, 0.1824, 0.1727, 0.1628, 0.1526, 0.1422, 0.1316, 0.1208, 0.1098, 0.0986, 0.0871, 0.0756, 0.0638, 0.0519, 0.0399, 0.0277, 0.0153, 0.0029, 0.0000, 0.0000, 0.0000, 0.0000, 0.0000, 0.0000, 0.0000, 0.0000, 0.0000, 0.0000},
    { 0.2880, 0.2878, 0.2870, 0.2858, 0.2840, 0.2818, 0.2791, 0.2759, 0.2722, 0.2681, 0.2636, 0.2586, 0.2532, 0.2474, 0.2411, 0.2345, 0.2276, 0.2202, 0.2126, 0.2046, 0.1962, 0.1876, 0.1787, 0.1695, 0.1600, 0.1503, 0.1403, 0.1301, 0.1197, 0.1090, 0.0982, 0.0871, 0.0759, 0.0645, 0.0530, 0.0412, 0.0293, 0.0173, 0.0051, 0.0000, 0.0000, 0.0000, 0.0000, 0.0000, 0.0000, 0.0000, 0.0000, 0.0000, 0.0000, 0.0000},
    { 0.2720, 0.2718, 0.2710, 0.2698, 0.2681, 0.2660, 0.2633, 0.2603, 0.2567, 0.2527, 0.2483, 0.2434, 0.2382, 0.2325, 0.2264, 0.2200, 0.2132, 0.2061, 0.1986, 0.1907, 0.1826, 0.1742, 0.1654, 0.1564, 0.1471, 0.1376, 0.1278, 0.1178, 0.1075, 0.0971, 0.0864, 0.0756, 0.0645, 0.0533, 0.0419, 0.0303, 0.0186, 0.0067, 0.0000, 0.0000, 0.0000, 0.0000, 0.0000, 0.0000, 0.0000, 0.0000, 0.0000, 0.0000, 0.0000, 0.0000},
    { 0.2560, 0.2558, 0.2551, 0.2539, 0.2522, 0.2501, 0.2476, 0.2446, 0.2411, 0.2373, 0.2330, 0.2282, 0.2231, 0.2176, 0.2117, 0.2054, 0.1988, 0.1918, 0.1845, 0.1768, 0.1689, 0.1606, 0.1520, 0.1432, 0.1341, 0.1248, 0.1152, 0.1053, 0.0953, 0.0850, 0.0745, 0.0638, 0.0530, 0.0419, 0.0307, 0.0193, 0.0077, 0.0000, 0.0000, 0.0000, 0.0000, 0.0000, 0.0000, 0.0000, 0.0000, 0.0000, 0.0000, 0.0000, 0.0000, 0.0000},
    { 0.2400, 0.2398, 0.2391, 0.2379, 0.2364, 0.2343, 0.2318, 0.2289, 0.2256, 0.2218, 0.2176, 0.2130, 0.2080, 0.2026, 0.1969, 0.1907, 0.1843, 0.1774, 0.1703, 0.1628, 0.1550, 0.1469, 0.1386, 0.1299, 0.1210, 0.1118, 0.1024, 0.0927, 0.0829, 0.0727, 0.0624, 0.0519, 0.0412, 0.0303, 0.0193, 0.0080, 0.0000, 0.0000, 0.0000, 0.0000, 0.0000, 0.0000, 0.0000, 0.0000, 0.0000, 0.0000, 0.0000, 0.0000, 0.0000, 0.0000},
    { 0.2240, 0.2238, 0.2231, 0.2220, 0.2205, 0.2185, 0.2161, 0.2132, 0.2099, 0.2063, 0.2022, 0.1977, 0.1928, 0.1876, 0.1820, 0.1760, 0.1697, 0.1630, 0.1560, 0.1487, 0.1411, 0.1332, 0.1250, 0.1165, 0.1077, 0.0987, 0.0895, 0.0800, 0.0703, 0.0604, 0.0502, 0.0399, 0.0293, 0.0186, 0.0077, 0.0000, 0.0000, 0.0000, 0.0000, 0.0000, 0.0000, 0.0000, 0.0000, 0.0000, 0.0000, 0.0000, 0.0000, 0.0000, 0.0000, 0.0000},
    { 0.2080, 0.2078, 0.2071, 0.2061, 0.2046, 0.2026, 0.2003, 0.1975, 0.1943, 0.1907, 0.1868, 0.1824, 0.1776, 0.1725, 0.1670, 0.1612, 0.1550, 0.1485, 0.1417, 0.1345, 0.1270, 0.1193, 0.1113, 0.1029, 0.0944, 0.0855, 0.0765, 0.0671, 0.0576, 0.0478, 0.0379, 0.0277, 0.0173, 0.0067, 0.0000, 0.0000, 0.0000, 0.0000, 0.0000, 0.0000, 0.0000, 0.0000, 0.0000, 0.0000, 0.0000, 0.0000, 0.0000, 0.0000, 0.0000, 0.0000},
    { 0.1920, 0.1918, 0.1912, 0.1901, 0.1886, 0.1868, 0.1845, 0.1818, 0.1787, 0.1752, 0.1713, 0.1670, 0.1624, 0.1574, 0.1520, 0.1463, 0.1403, 0.1339, 0.1272, 0.1202, 0.1129, 0.1053, 0.0975, 0.0893, 0.0809, 0.0722, 0.0633, 0.0542, 0.0448, 0.0352, 0.0254, 0.0153, 0.0051, 0.0000, 0.0000, 0.0000, 0.0000, 0.0000, 0.0000, 0.0000, 0.0000, 0.0000, 0.0000, 0.0000, 0.0000, 0.0000, 0.0000, 0.0000, 0.0000, 0.0000},
    { 0.1760, 0.1758, 0.1752, 0.1742, 0.1727, 0.1709, 0.1687, 0.1660, 0.1630, 0.1596, 0.1558, 0.1517, 0.1471, 0.1422, 0.1370, 0.1314, 0.1255, 0.1193, 0.1127, 0.1059, 0.0987, 0.0913, 0.0836, 0.0756, 0.0673, 0.0588, 0.0500, 0.0411, 0.0318, 0.0224, 0.0127, 0.0029, 0.0000, 0.0000, 0.0000, 0.0000, 0.0000, 0.0000, 0.0000, 0.0000, 0.0000, 0.0000, 0.0000, 0.0000, 0.0000, 0.0000, 0.0000, 0.0000, 0.0000, 0.0000},
    { 0.1600, 0.1598, 0.1592, 0.1582, 0.1568, 0.1550, 0.1528, 0.1503, 0.1473, 0.1440, 0.1403, 0.1362, 0.1318, 0.1270, 0.1219, 0.1165, 0.1107, 0.1046, 0.0982, 0.0915, 0.0845, 0.0772, 0.0696, 0.0617, 0.0536, 0.0453, 0.0367, 0.0278, 0.0188, 0.0095, 0.0000, 0.0000, 0.0000, 0.0000, 0.0000, 0.0000, 0.0000, 0.0000, 0.0000, 0.0000, 0.0000, 0.0000, 0.0000, 0.0000, 0.0000, 0.0000, 0.0000, 0.0000, 0.0000, 0.0000},
    { 0.1440, 0.1438, 0.1432, 0.1422, 0.1409, 0.1391, 0.1370, 0.1345, 0.1316, 0.1284, 0.1248, 0.1208, 0.1165, 0.1118, 0.1068, 0.1015, 0.0958, 0.0898, 0.0836, 0.0770, 0.0701, 0.0630, 0.0555, 0.0478, 0.0399, 0.0317, 0.0232, 0.0145, 0.0056, 0.0000, 0.0000, 0.0000, 0.0000, 0.0000, 0.0000, 0.0000, 0.0000, 0.0000, 0.0000, 0.0000, 0.0000, 0.0000, 0.0000, 0.0000, 0.0000, 0.0000, 0.0000, 0.0000, 0.0000, 0.0000},
    { 0.1280, 0.1278, 0.1272, 0.1263, 0.1250, 0.1233, 0.1212, 0.1187, 0.1159, 0.1127, 0.1092, 0.1053, 0.1011, 0.0965, 0.0916, 0.0864, 0.0809, 0.0750, 0.0689, 0.0624, 0.0557, 0.0487, 0.0414, 0.0338, 0.0260, 0.0180, 0.0097, 0.0011, 0.0000, 0.0000, 0.0000, 0.0000, 0.0000, 0.0000, 0.0000, 0.0000, 0.0000, 0.0000, 0.0000, 0.0000, 0.0000, 0.0000, 0.0000, 0.0000, 0.0000, 0.0000, 0.0000, 0.0000, 0.0000, 0.0000},
    { 0.1120, 0.1118, 0.1113, 0.1103, 0.1090, 0.1074, 0.1053, 0.1029, 0.1002, 0.0971, 0.0936, 0.0898, 0.0857, 0.0812, 0.0765, 0.0713, 0.0659, 0.0602, 0.0542, 0.0478, 0.0412, 0.0343, 0.0272, 0.0198, 0.0121, 0.0042, 0.0000, 0.0000, 0.0000, 0.0000, 0.0000, 0.0000, 0.0000, 0.0000, 0.0000, 0.0000, 0.0000, 0.0000, 0.0000, 0.0000, 0.0000, 0.0000, 0.0000, 0.0000, 0.0000, 0.0000, 0.0000, 0.0000, 0.0000, 0.0000},
    { 0.0960, 0.0958, 0.0953, 0.0944, 0.0931, 0.0915, 0.0895, 0.0871, 0.0845, 0.0814, 0.0780, 0.0743, 0.0703, 0.0659, 0.0612, 0.0562, 0.0509, 0.0453, 0.0394, 0.0332, 0.0267, 0.0199, 0.0129, 0.0056, 0.0000, 0.0000, 0.0000, 0.0000, 0.0000, 0.0000, 0.0000, 0.0000, 0.0000, 0.0000, 0.0000, 0.0000, 0.0000, 0.0000, 0.0000, 0.0000, 0.0000, 0.0000, 0.0000, 0.0000, 0.0000, 0.0000, 0.0000, 0.0000, 0.0000, 0.0000},
    { 0.0800, 0.0798, 0.0793, 0.0784, 0.0772, 0.0756, 0.0736, 0.0713, 0.0687, 0.0657, 0.0624, 0.0588, 0.0548, 0.0506, 0.0460, 0.0411, 0.0358, 0.0303, 0.0245, 0.0185, 0.0121, 0.0055, 0.0000, 0.0000, 0.0000, 0.0000, 0.0000, 0.0000, 0.0000, 0.0000, 0.0000, 0.0000, 0.0000, 0.0000, 0.0000, 0.0000, 0.0000, 0.0000, 0.0000, 0.0000, 0.0000, 0.0000, 0.0000, 0.0000, 0.0000, 0.0000, 0.0000, 0.0000, 0.0000, 0.0000},
    { 0.0640, 0.0638, 0.0633, 0.0624, 0.0612, 0.0597, 0.0578, 0.0555, 0.0530, 0.0500, 0.0468, 0.0432, 0.0394, 0.0352, 0.0307, 0.0259, 0.0207, 0.0153, 0.0097, 0.0037, 0.0000, 0.0000, 0.0000, 0.0000, 0.0000, 0.0000, 0.0000, 0.0000, 0.0000, 0.0000, 0.0000, 0.0000, 0.0000, 0.0000, 0.0000, 0.0000, 0.0000, 0.0000, 0.0000, 0.0000, 0.0000, 0.0000, 0.0000, 0.0000, 0.0000, 0.0000, 0.0000, 0.0000, 0.0000, 0.0000},
    { 0.0480, 0.0478, 0.0473, 0.0465, 0.0453, 0.0438, 0.0419, 0.0397, 0.0372, 0.0343, 0.0312, 0.0277, 0.0239, 0.0198, 0.0153, 0.0106, 0.0056, 0.0003, 0.0000, 0.0000, 0.0000, 0.0000, 0.0000, 0.0000, 0.0000, 0.0000, 0.0000, 0.0000, 0.0000, 0.0000, 0.0000, 0.0000, 0.0000, 0.0000, 0.0000, 0.0000, 0.0000, 0.0000, 0.0000, 0.0000, 0.0000, 0.0000, 0.0000, 0.0000, 0.0000, 0.0000, 0.0000, 0.0000, 0.0000, 0.0000},
    { 0.0320, 0.0318, 0.0313, 0.0305, 0.0293, 0.0278, 0.0260, 0.0239, 0.0214, 0.0186, 0.0155, 0.0121, 0.0084, 0.0043, 0.0000, 0.0000, 0.0000, 0.0000, 0.0000, 0.0000, 0.0000, 0.0000, 0.0000, 0.0000, 0.0000, 0.0000, 0.0000, 0.0000, 0.0000, 0.0000, 0.0000, 0.0000, 0.0000, 0.0000, 0.0000, 0.0000, 0.0000, 0.0000, 0.0000, 0.0000, 0.0000, 0.0000, 0.0000, 0.0000, 0.0000, 0.0000, 0.0000, 0.0000, 0.0000, 0.0000},
    { 0.0160, 0.0158, 0.0153, 0.0145, 0.0134, 0.0119, 0.0101, 0.0080, 0.0056, 0.0029, 0.0000, 0.0000, 0.0000, 0.0000, 0.0000, 0.0000, 0.0000, 0.0000, 0.0000, 0.0000, 0.0000, 0.0000, 0.0000, 0.0000, 0.0000, 0.0000, 0.0000, 0.0000, 0.0000, 0.0000, 0.0000, 0.0000, 0.0000, 0.0000, 0.0000, 0.0000, 0.0000, 0.0000, 0.0000, 0.0000, 0.0000, 0.0000, 0.0000, 0.0000, 0.0000, 0.0000, 0.0000, 0.0000, 0.0000, 0.0000},
};
#endif _ratetables_h_
