#ifndef _ratetables_h_
#define _ratetables_h_

//预先生成的形变衰减率
static const int RateTablesCount = 50;
static const float RateTables[RateTablesCount][RateTablesCount] = {
    { 0.700000, 0.699309, 0.697240, 0.693801, 0.689004, 0.682870, 0.675422, 0.666689, 0.656707, 0.645515, 0.633156, 0.619680, 0.605139, 0.589591, 0.573098, 0.555725, 0.537539, 0.518614, 0.499023, 0.478844, 0.458156, 0.437041, 0.415583, 0.393867, 0.371977, 0.350000, 0.328023, 0.306133, 0.284417, 0.262959, 0.241844, 0.221156, 0.200977, 0.181386, 0.162461, 0.144275, 0.126902, 0.110409, 0.094861, 0.080320, 0.066844, 0.054485, 0.043293, 0.033311, 0.024578, 0.017130, 0.010996, 0.006199, 0.002760, 0.000691},
    { 0.699309, 0.698619, 0.696551, 0.693114, 0.688321, 0.682190, 0.674747, 0.666021, 0.656045, 0.644860, 0.632510, 0.619043, 0.604512, 0.588975, 0.572493, 0.555132, 0.536959, 0.518047, 0.498470, 0.478306, 0.457633, 0.436535, 0.415093, 0.393393, 0.371520, 0.349560, 0.327601, 0.305730, 0.284031, 0.262591, 0.241496, 0.220827, 0.200666, 0.181094, 0.162188, 0.144021, 0.126666, 0.110192, 0.094663, 0.080141, 0.066683, 0.054342, 0.043167, 0.033202, 0.024486, 0.017055, 0.010937, 0.006156, 0.002731, 0.000677},
    { 0.697240, 0.696551, 0.694488, 0.691057, 0.686273, 0.680155, 0.672727, 0.664018, 0.654062, 0.642900, 0.630574, 0.617134, 0.602633, 0.587129, 0.570681, 0.553356, 0.535222, 0.516350, 0.496815, 0.476694, 0.456068, 0.435016, 0.413623, 0.391972, 0.370151, 0.348244, 0.326338, 0.304520, 0.282876, 0.261492, 0.240452, 0.219840, 0.199736, 0.180221, 0.161371, 0.143261, 0.125962, 0.109544, 0.094071, 0.079603, 0.066200, 0.053912, 0.042790, 0.032877, 0.024212, 0.016830, 0.010759, 0.006025, 0.002646, 0.000635},
    { 0.693801, 0.693114, 0.691057, 0.687638, 0.682870, 0.676772, 0.669368, 0.660688, 0.650766, 0.639641, 0.627357, 0.613963, 0.599511, 0.584060, 0.567669, 0.550404, 0.532334, 0.513529, 0.494064, 0.474017, 0.453466, 0.432492, 0.411180, 0.389613, 0.367876, 0.346056, 0.324239, 0.302511, 0.280958, 0.259666, 0.238719, 0.218201, 0.198191, 0.178770, 0.160014, 0.141999, 0.124794, 0.108469, 0.093088, 0.078712, 0.065399, 0.053201, 0.042166, 0.032339, 0.023758, 0.016458, 0.010468, 0.005812, 0.002508, 0.000570},
    { 0.689004, 0.688321, 0.686273, 0.682870, 0.678124, 0.672054, 0.664685, 0.656045, 0.646170, 0.635097, 0.622871, 0.609540, 0.595158, 0.579781, 0.563470, 0.546289, 0.528308, 0.509597, 0.490230, 0.470285, 0.449839, 0.428976, 0.407776, 0.386325, 0.364707, 0.343008, 0.321314, 0.299712, 0.278287, 0.257124, 0.236307, 0.215919, 0.196040, 0.176751, 0.158127, 0.140243, 0.123169, 0.106975, 0.091723, 0.077475, 0.064288, 0.052214, 0.041301, 0.031594, 0.023131, 0.015945, 0.010067, 0.005519, 0.002320, 0.000484},
    { 0.682870, 0.682190, 0.680155, 0.676772, 0.672054, 0.666021, 0.658696, 0.650108, 0.640292, 0.629286, 0.617134, 0.603885, 0.589591, 0.574310, 0.558100, 0.541028, 0.523161, 0.504570, 0.485329, 0.465514, 0.445205, 0.424481, 0.403426, 0.382123, 0.360657, 0.339114, 0.317579, 0.296137, 0.274875, 0.253877, 0.233227, 0.213006, 0.193296, 0.174176, 0.155721, 0.138005, 0.121099, 0.105071, 0.089985, 0.075900, 0.062875, 0.050960, 0.040204, 0.030650, 0.022337, 0.015299, 0.009563, 0.005154, 0.002090, 0.000384},
    { 0.675422, 0.674747, 0.672727, 0.669368, 0.664685, 0.658696, 0.651424, 0.642900, 0.633156, 0.622232, 0.610171, 0.597021, 0.582835, 0.567669, 0.551584, 0.534643, 0.516915, 0.498470, 0.479382, 0.459726, 0.439582, 0.419029, 0.398150, 0.377028, 0.355747, 0.334393, 0.313051, 0.291805, 0.270742, 0.249944, 0.229496, 0.209480, 0.189975, 0.171060, 0.152810, 0.135299, 0.118597, 0.102772, 0.087887, 0.074001, 0.061172, 0.049451, 0.038886, 0.029519, 0.021389, 0.014528, 0.008967, 0.004727, 0.001826, 0.000278},
    { 0.666689, 0.666021, 0.664018, 0.660688, 0.656045, 0.650108, 0.642900, 0.634449, 0.624791, 0.613963, 0.602008, 0.588975, 0.574916, 0.559886, 0.543947, 0.527161, 0.509597, 0.491324, 0.472415, 0.452947, 0.432996, 0.412645, 0.391972, 0.371063, 0.350000, 0.328868, 0.307752, 0.286737, 0.265907, 0.245345, 0.225136, 0.205359, 0.186095, 0.167421, 0.149412, 0.132142, 0.115681, 0.100093, 0.085445, 0.071793, 0.059195, 0.047701, 0.037360, 0.028212, 0.020296, 0.013646, 0.008288, 0.004246, 0.001537, 0.000174},
    { 0.656707, 0.656045, 0.654062, 0.650766, 0.646170, 0.640292, 0.633156, 0.624791, 0.615230, 0.604512, 0.592680, 0.579781, 0.565867, 0.550994, 0.535222, 0.518614, 0.501237, 0.483161, 0.464458, 0.445205, 0.425477, 0.405356, 0.384921, 0.364255, 0.343442, 0.322565, 0.301709, 0.280958, 0.260396, 0.240105, 0.220168, 0.200666, 0.181678, 0.163281, 0.145549, 0.128555, 0.112368, 0.097055, 0.082676, 0.069293, 0.056959, 0.045727, 0.035641, 0.026744, 0.019075, 0.012664, 0.007540, 0.003725, 0.001236, 0.000085},
    { 0.645515, 0.644860, 0.642900, 0.639641, 0.635097, 0.629286, 0.622232, 0.613963, 0.604512, 0.593918, 0.582223, 0.569475, 0.555725, 0.541028, 0.525445, 0.509037, 0.491871, 0.474017, 0.455546, 0.436535, 0.417058, 0.397196, 0.377028, 0.356637, 0.336105, 0.315515, 0.294952, 0.274498, 0.254237, 0.234251, 0.214621, 0.195429, 0.176751, 0.158665, 0.141245, 0.124561, 0.108683, 0.093677, 0.079603, 0.066521, 0.054485, 0.043545, 0.033748, 0.025134, 0.017740, 0.011599, 0.006737, 0.003177, 0.000935, 0.000022},
    { 0.633156, 0.632510, 0.630574, 0.627357, 0.622871, 0.617134, 0.610171, 0.602008, 0.592680, 0.582223, 0.570681, 0.558100, 0.544532, 0.530031, 0.514656, 0.498470, 0.481539, 0.463931, 0.445718, 0.426974, 0.407776, 0.388201, 0.368330, 0.348244, 0.328023, 0.307752, 0.287513, 0.267389, 0.247461, 0.227813, 0.208524, 0.189675, 0.171342, 0.153601, 0.136525, 0.120186, 0.104651, 0.089985, 0.076249, 0.063500, 0.051794, 0.041178, 0.031700, 0.023398, 0.016311, 0.010468, 0.005897, 0.002618, 0.000649, 0.000000},
    { 0.619680, 0.619043, 0.617134, 0.613963, 0.609540, 0.603885, 0.597021, 0.588975, 0.579781, 0.569475, 0.558100, 0.545703, 0.532334, 0.518047, 0.502902, 0.486959, 0.470285, 0.452947, 0.435016, 0.416566, 0.397673, 0.378413, 0.358867, 0.339114, 0.319235, 0.299313, 0.279430, 0.259666, 0.240105, 0.220827, 0.201911, 0.183437, 0.165481, 0.148118, 0.131420, 0.115458, 0.100298, 0.086005, 0.072638, 0.060255, 0.048909, 0.038649, 0.029519, 0.021559, 0.014806, 0.009290, 0.005036, 0.002066, 0.000394, 0.000000},
    { 0.605139, 0.604512, 0.602633, 0.599511, 0.595158, 0.589591, 0.582835, 0.574916, 0.565867, 0.555725, 0.544532, 0.532334, 0.519181, 0.505127, 0.490230, 0.474552, 0.458156, 0.441111, 0.423487, 0.405356, 0.386793, 0.367876, 0.348682, 0.329291, 0.309783, 0.290240, 0.270742, 0.251370, 0.232206, 0.213329, 0.194818, 0.176751, 0.159204, 0.142250, 0.125962, 0.110409, 0.095655, 0.081766, 0.068799, 0.056812, 0.045857, 0.035981, 0.027229, 0.019640, 0.013248, 0.008085, 0.004174, 0.001537, 0.000189, 0.000000},
    { 0.589591, 0.588975, 0.587129, 0.584060, 0.579781, 0.574310, 0.567669, 0.559886, 0.550994, 0.541028, 0.530031, 0.518047, 0.505127, 0.491324, 0.476694, 0.461300, 0.445205, 0.428475, 0.411180, 0.393393, 0.375186, 0.356637, 0.337822, 0.318821, 0.299712, 0.280576, 0.261492, 0.242542, 0.223804, 0.205359, 0.187283, 0.169654, 0.152547, 0.136034, 0.120186, 0.105071, 0.090755, 0.077299, 0.064763, 0.053201, 0.042665, 0.033202, 0.024855, 0.017663, 0.011660, 0.006875, 0.003333, 0.001054, 0.000051, 0.000000},
    { 0.573098, 0.572493, 0.570681, 0.567669, 0.563470, 0.558100, 0.551584, 0.543947, 0.535222, 0.525445, 0.514656, 0.502902, 0.490230, 0.476694, 0.462351, 0.447261, 0.431486, 0.415093, 0.398150, 0.380729, 0.362903, 0.344747, 0.326338, 0.307752, 0.289069, 0.270368, 0.251727, 0.233227, 0.214945, 0.196960, 0.179349, 0.162188, 0.145549, 0.129506, 0.114128, 0.099481, 0.085631, 0.072638, 0.060560, 0.049451, 0.039362, 0.030339, 0.022425, 0.015656, 0.010067, 0.005685, 0.002535, 0.000635, -0.000000, 0.000000},
    { 0.555725, 0.555132, 0.553356, 0.550404, 0.546289, 0.541028, 0.534643, 0.527161, 0.518614, 0.509037, 0.498470, 0.486959, 0.474552, 0.461300, 0.447261, 0.432492, 0.417058, 0.401022, 0.384454, 0.367422, 0.350000, 0.332261, 0.314282, 0.296137, 0.277906, 0.259666, 0.241496, 0.223472, 0.205674, 0.188178, 0.171060, 0.154394, 0.138253, 0.122708, 0.107827, 0.093677, 0.080320, 0.067818, 0.056225, 0.045597, 0.035981, 0.027424, 0.019966, 0.013646, 0.008494, 0.004539, 0.001803, 0.000305, 0.000000, 0.000000},
    { 0.537539, 0.536959, 0.535222, 0.532334, 0.528308, 0.523161, 0.516915, 0.509597, 0.501237, 0.491871, 0.481539, 0.470285, 0.458156, 0.445205, 0.431486, 0.417058, 0.401983, 0.386325, 0.370151, 0.353530, 0.336534, 0.319235, 0.301709, 0.284031, 0.266277, 0.248524, 0.230849, 0.213329, 0.196040, 0.179060, 0.162461, 0.146317, 0.130700, 0.115681, 0.101325, 0.087697, 0.074861, 0.062875, 0.051794, 0.041671, 0.032553, 0.024486, 0.017510, 0.011660, 0.006968, 0.003461, 0.001161, 0.000085, 0.000000, 0.000000},
    { 0.518614, 0.518047, 0.516350, 0.513529, 0.509597, 0.504570, 0.498470, 0.491324, 0.483161, 0.474017, 0.463931, 0.452947, 0.441111, 0.428475, 0.415093, 0.401022, 0.386325, 0.371063, 0.355303, 0.339114, 0.322565, 0.305730, 0.288680, 0.271490, 0.254237, 0.236994, 0.219840, 0.202848, 0.186095, 0.169654, 0.153601, 0.138005, 0.122938, 0.108469, 0.094663, 0.081584, 0.069293, 0.057848, 0.047303, 0.037709, 0.029113, 0.021559, 0.015087, 0.009730, 0.005519, 0.002480, 0.000635, 0.000000, 0.000000, 0.000000},
    { 0.499023, 0.498470, 0.496815, 0.494064, 0.490230, 0.485329, 0.479382, 0.472415, 0.464458, 0.455546, 0.445718, 0.435016, 0.423487, 0.411180, 0.398150, 0.384454, 0.370151, 0.355303, 0.339977, 0.324239, 0.308158, 0.291805, 0.275253, 0.258575, 0.241844, 0.225136, 0.208524, 0.192085, 0.175890, 0.160014, 0.144529, 0.129506, 0.115014, 0.101119, 0.087887, 0.075380, 0.063657, 0.052776, 0.042790, 0.033748, 0.025696, 0.018677, 0.012728, 0.007884, 0.004174, 0.001623, 0.000252, 0.000000, 0.000000, 0.000000},
    { 0.478844, 0.478306, 0.476694, 0.474017, 0.470285, 0.465514, 0.459726, 0.452947, 0.445205, 0.436535, 0.426974, 0.416566, 0.405356, 0.393393, 0.380729, 0.367422, 0.353530, 0.339114, 0.324239, 0.308970, 0.293376, 0.277526, 0.261492, 0.245345, 0.229159, 0.213006, 0.196960, 0.181094, 0.165481, 0.150192, 0.135299, 0.120871, 0.106975, 0.093677, 0.081041, 0.069128, 0.057997, 0.047701, 0.038295, 0.029825, 0.022337, 0.015873, 0.010468, 0.006156, 0.002965, 0.000919, 0.000037, 0.000000, 0.000000, 0.000000},
    { 0.458156, 0.457633, 0.456068, 0.453466, 0.449839, 0.445205, 0.439582, 0.432996, 0.425477, 0.417058, 0.407776, 0.397673, 0.386793, 0.375186, 0.362903, 0.350000, 0.336534, 0.322565, 0.308158, 0.293376, 0.278287, 0.262959, 0.247461, 0.231866, 0.216244, 0.200666, 0.185206, 0.169935, 0.154924, 0.140243, 0.125962, 0.112150, 0.098871, 0.086192, 0.074173, 0.062875, 0.052354, 0.042665, 0.033857, 0.025980, 0.019075, 0.013183, 0.008339, 0.004576, 0.001920, 0.000394, 0.000000, 0.000000, 0.000000, 0.000000},
    { 0.437041, 0.436535, 0.435016, 0.432492, 0.428976, 0.424481, 0.419029, 0.412645, 0.405356, 0.397196, 0.388201, 0.378413, 0.367876, 0.356637, 0.344747, 0.332261, 0.319235, 0.305730, 0.291805, 0.277526, 0.262959, 0.248169, 0.233227, 0.218201, 0.203161, 0.188178, 0.173323, 0.158665, 0.144275, 0.130222, 0.116573, 0.103396, 0.090755, 0.078712, 0.067330, 0.056665, 0.046774, 0.037709, 0.029519, 0.022250, 0.015945, 0.010642, 0.006376, 0.003177, 0.001071, 0.000080, 0.000000, 0.000000, 0.000000, 0.000000},
    { 0.415583, 0.415093, 0.413623, 0.411180, 0.407776, 0.403426, 0.398150, 0.391972, 0.384921, 0.377028, 0.368330, 0.358867, 0.348682, 0.337822, 0.326338, 0.314282, 0.301709, 0.288680, 0.275253, 0.261492, 0.247461, 0.233227, 0.218855, 0.204415, 0.189975, 0.175604, 0.161371, 0.147345, 0.133594, 0.120186, 0.107187, 0.094663, 0.082676, 0.071289, 0.060560, 0.050546, 0.041301, 0.032877, 0.025320, 0.018677, 0.012987, 0.008288, 0.004613, 0.001992, 0.000449, 0.000000, 0.000000, 0.000000, 0.000000, 0.000000},
    { 0.393867, 0.393393, 0.391972, 0.389613, 0.386325, 0.382123, 0.377028, 0.371063, 0.364255, 0.356637, 0.348244, 0.339114, 0.329291, 0.318821, 0.307752, 0.296137, 0.284031, 0.271490, 0.258575, 0.245345, 0.231866, 0.218201, 0.204415, 0.190576, 0.176751, 0.163007, 0.149412, 0.136034, 0.122938, 0.110192, 0.097860, 0.086005, 0.074689, 0.063972, 0.053912, 0.044564, 0.035981, 0.028212, 0.021303, 0.015299, 0.010238, 0.006156, 0.003085, 0.001054, 0.000085, 0.000000, 0.000000, 0.000000, 0.000000, 0.000000},
    { 0.371977, 0.371520, 0.370151, 0.367876, 0.364707, 0.360657, 0.355747, 0.350000, 0.343442, 0.336105, 0.328023, 0.319235, 0.309783, 0.299712, 0.289069, 0.277906, 0.266277, 0.254237, 0.241844, 0.229159, 0.216244, 0.203161, 0.189975, 0.176751, 0.163555, 0.150453, 0.137511, 0.124794, 0.112368, 0.100298, 0.088646, 0.077475, 0.066844, 0.056812, 0.047435, 0.038767, 0.030859, 0.023758, 0.017510, 0.012157, 0.007736, 0.004282, 0.001826, 0.000394, 0.000000, 0.000000, 0.000000, 0.000000, 0.000000, 0.000000},
    { 0.350000, 0.349560, 0.348244, 0.346056, 0.343008, 0.339114, 0.334393, 0.328868, 0.322565, 0.315515, 0.307752, 0.299313, 0.290240, 0.280576, 0.270368, 0.259666, 0.248524, 0.236994, 0.225136, 0.213006, 0.200666, 0.188178, 0.175604, 0.163007, 0.150453, 0.138005, 0.125728, 0.113686, 0.101943, 0.090562, 0.079603, 0.069128, 0.059195, 0.049860, 0.041178, 0.033202, 0.025980, 0.019558, 0.013982, 0.009290, 0.005519, 0.002703, 0.000870, 0.000047, 0.000000, 0.000000, 0.000000, 0.000000, 0.000000, 0.000000},
    { 0.328023, 0.327601, 0.326338, 0.324239, 0.321314, 0.317579, 0.313051, 0.307752, 0.301709, 0.294952, 0.287513, 0.279430, 0.270742, 0.261492, 0.251727, 0.241496, 0.230849, 0.219840, 0.208524, 0.196960, 0.185206, 0.173323, 0.161371, 0.149412, 0.137511, 0.125728, 0.114128, 0.102772, 0.091723, 0.081041, 0.070787, 0.061019, 0.051794, 0.043167, 0.035190, 0.027915, 0.021389, 0.015656, 0.010759, 0.006737, 0.003625, 0.001454, 0.000252, 0.000000, 0.000000, 0.000000, 0.000000, 0.000000, 0.000000, 0.000000},
    { 0.306133, 0.305730, 0.304520, 0.302511, 0.299712, 0.296137, 0.291805, 0.286737, 0.280958, 0.274498, 0.267389, 0.259666, 0.251370, 0.242542, 0.233227, 0.223472, 0.213329, 0.202848, 0.192085, 0.181094, 0.169935, 0.158665, 0.147345, 0.136034, 0.124794, 0.113686, 0.102772, 0.092112, 0.081766, 0.071793, 0.062253, 0.053201, 0.044693, 0.036782, 0.029519, 0.022953, 0.017130, 0.012094, 0.007884, 0.004539, 0.002090, 0.000570, 0.000003, 0.000000, 0.000000, 0.000000, 0.000000, 0.000000, 0.000000, 0.000000},
    { 0.284417, 0.284031, 0.282876, 0.280958, 0.278287, 0.274875, 0.270742, 0.265907, 0.260396, 0.254237, 0.247461, 0.240105, 0.232206, 0.223804, 0.214945, 0.205674, 0.196040, 0.186095, 0.175890, 0.165481, 0.154924, 0.144275, 0.133594, 0.122938, 0.112368, 0.101943, 0.091723, 0.081766, 0.072130, 0.062875, 0.054055, 0.045727, 0.037942, 0.030754, 0.024212, 0.018362, 0.013248, 0.008913, 0.005396, 0.002731, 0.000951, 0.000085, 0.000000, 0.000000, 0.000000, 0.000000, 0.000000, 0.000000, 0.000000, 0.000000},
    { 0.262959, 0.262591, 0.261492, 0.259666, 0.257124, 0.253877, 0.249944, 0.245345, 0.240105, 0.234251, 0.227813, 0.220827, 0.213329, 0.205359, 0.196960, 0.188178, 0.179060, 0.169654, 0.160014, 0.150192, 0.140243, 0.130222, 0.120186, 0.110192, 0.100298, 0.090562, 0.081041, 0.071793, 0.062875, 0.054342, 0.046249, 0.038649, 0.031594, 0.025134, 0.019316, 0.014185, 0.009785, 0.006156, 0.003333, 0.001352, 0.000243, 0.000000, 0.000000, 0.000000, 0.000000, 0.000000, 0.000000, 0.000000, 0.000000, 0.000000},
    { 0.241844, 0.241496, 0.240452, 0.238719, 0.236307, 0.233227, 0.229496, 0.225136, 0.220168, 0.214621, 0.208524, 0.201911, 0.194818, 0.187283, 0.179349, 0.171060, 0.162461, 0.153601, 0.144529, 0.135299, 0.125962, 0.116573, 0.107187, 0.097860, 0.088646, 0.079603, 0.070787, 0.062253, 0.054055, 0.046249, 0.038886, 0.032018, 0.025696, 0.019966, 0.014876, 0.010468, 0.006783, 0.003860, 0.001734, 0.000438, -0.000000, 0.000000, 0.000000, 0.000000, 0.000000, 0.000000, 0.000000, 0.000000, 0.000000, 0.000000},
    { 0.221156, 0.220827, 0.219840, 0.218201, 0.215919, 0.213006, 0.209480, 0.205359, 0.200666, 0.195429, 0.189675, 0.183437, 0.176751, 0.169654, 0.162188, 0.154394, 0.146317, 0.138005, 0.129506, 0.120871, 0.112150, 0.103396, 0.094663, 0.086005, 0.077475, 0.069128, 0.061019, 0.053201, 0.045727, 0.038649, 0.032018, 0.025885, 0.020296, 0.015299, 0.010937, 0.007251, 0.004282, 0.002066, 0.000635, 0.000022, 0.000000, 0.000000, 0.000000, 0.000000, 0.000000, 0.000000, 0.000000, 0.000000, 0.000000, 0.000000},
    { 0.200977, 0.200666, 0.199736, 0.198191, 0.196040, 0.193296, 0.189975, 0.186095, 0.181678, 0.176751, 0.171342, 0.165481, 0.159204, 0.152547, 0.145549, 0.138253, 0.130700, 0.122938, 0.115014, 0.106975, 0.098871, 0.090755, 0.082676, 0.074689, 0.066844, 0.059195, 0.051794, 0.044693, 0.037942, 0.031594, 0.025696, 0.020296, 0.015441, 0.011175, 0.007540, 0.004576, 0.002320, 0.000808, 0.000071, 0.000000, 0.000000, 0.000000, 0.000000, 0.000000, 0.000000, 0.000000, 0.000000, 0.000000, 0.000000, 0.000000},
    { 0.181386, 0.181094, 0.180221, 0.178770, 0.176751, 0.174176, 0.171060, 0.167421, 0.163281, 0.158665, 0.153601, 0.148118, 0.142250, 0.136034, 0.129506, 0.122708, 0.115681, 0.108469, 0.101119, 0.093677, 0.086192, 0.078712, 0.071289, 0.063972, 0.056812, 0.049860, 0.043167, 0.036782, 0.030754, 0.025134, 0.019966, 0.015299, 0.011175, 0.007637, 0.004727, 0.002480, 0.000935, 0.000123, 0.000000, 0.000000, 0.000000, 0.000000, 0.000000, 0.000000, 0.000000, 0.000000, 0.000000, 0.000000, 0.000000, 0.000000},
    { 0.162461, 0.162188, 0.161371, 0.160014, 0.158127, 0.155721, 0.152810, 0.149412, 0.145549, 0.141245, 0.136525, 0.131420, 0.125962, 0.120186, 0.114128, 0.107827, 0.101325, 0.094663, 0.087887, 0.081041, 0.074173, 0.067330, 0.060560, 0.053912, 0.047435, 0.041178, 0.035190, 0.029519, 0.024212, 0.019316, 0.014876, 0.010937, 0.007540, 0.004727, 0.002535, 0.001002, 0.000161, 0.000000, 0.000000, 0.000000, 0.000000, 0.000000, 0.000000, 0.000000, 0.000000, 0.000000, 0.000000, 0.000000, 0.000000, 0.000000},
    { 0.144275, 0.144021, 0.143261, 0.141999, 0.140243, 0.138005, 0.135299, 0.132142, 0.128555, 0.124561, 0.120186, 0.115458, 0.110409, 0.105071, 0.099481, 0.093677, 0.087697, 0.081584, 0.075380, 0.069128, 0.062875, 0.056665, 0.050546, 0.044564, 0.038767, 0.033202, 0.027915, 0.022953, 0.018362, 0.014185, 0.010468, 0.007251, 0.004576, 0.002480, 0.001002, 0.000174, 0.000000, 0.000000, 0.000000, 0.000000, 0.000000, 0.000000, 0.000000, 0.000000, 0.000000, 0.000000, 0.000000, 0.000000, 0.000000, 0.000000},
    { 0.126902, 0.126666, 0.125962, 0.124794, 0.123169, 0.121099, 0.118597, 0.115681, 0.112368, 0.108683, 0.104651, 0.100298, 0.095655, 0.090755, 0.085631, 0.080320, 0.074861, 0.069293, 0.063657, 0.057997, 0.052354, 0.046774, 0.041301, 0.035981, 0.030859, 0.025980, 0.021389, 0.017130, 0.013248, 0.009785, 0.006783, 0.004282, 0.002320, 0.000935, 0.000161, 0.000000, 0.000000, 0.000000, 0.000000, 0.000000, 0.000000, 0.000000, 0.000000, 0.000000, 0.000000, 0.000000, 0.000000, 0.000000, 0.000000, 0.000000},
    { 0.110409, 0.110192, 0.109544, 0.108469, 0.106975, 0.105071, 0.102772, 0.100093, 0.097055, 0.093677, 0.089985, 0.086005, 0.081766, 0.077299, 0.072638, 0.067818, 0.062875, 0.057848, 0.052776, 0.047701, 0.042665, 0.037709, 0.032877, 0.028212, 0.023758, 0.019558, 0.015656, 0.012094, 0.008913, 0.006156, 0.003860, 0.002066, 0.000808, 0.000123, 0.000000, 0.000000, 0.000000, 0.000000, 0.000000, 0.000000, 0.000000, 0.000000, 0.000000, 0.000000, 0.000000, 0.000000, 0.000000, 0.000000, 0.000000, 0.000000},
    { 0.094861, 0.094663, 0.094071, 0.093088, 0.091723, 0.089985, 0.087887, 0.085445, 0.082676, 0.079603, 0.076249, 0.072638, 0.068799, 0.064763, 0.060560, 0.056225, 0.051794, 0.047303, 0.042790, 0.038295, 0.033857, 0.029519, 0.025320, 0.021303, 0.017510, 0.013982, 0.010759, 0.007884, 0.005396, 0.003333, 0.001734, 0.000635, 0.000071, 0.000000, 0.000000, 0.000000, 0.000000, 0.000000, 0.000000, 0.000000, 0.000000, 0.000000, 0.000000, 0.000000, 0.000000, 0.000000, 0.000000, 0.000000, 0.000000, 0.000000},
    { 0.080320, 0.080141, 0.079603, 0.078712, 0.077475, 0.075900, 0.074001, 0.071793, 0.069293, 0.066521, 0.063500, 0.060255, 0.056812, 0.053201, 0.049451, 0.045597, 0.041671, 0.037709, 0.033748, 0.029825, 0.025980, 0.022250, 0.018677, 0.015299, 0.012157, 0.009290, 0.006737, 0.004539, 0.002731, 0.001352, 0.000438, 0.000022, 0.000000, 0.000000, 0.000000, 0.000000, 0.000000, 0.000000, 0.000000, 0.000000, 0.000000, 0.000000, 0.000000, 0.000000, 0.000000, 0.000000, 0.000000, 0.000000, 0.000000, 0.000000},
    { 0.066844, 0.066683, 0.066200, 0.065399, 0.064288, 0.062875, 0.061172, 0.059195, 0.056959, 0.054485, 0.051794, 0.048909, 0.045857, 0.042665, 0.039362, 0.035981, 0.032553, 0.029113, 0.025696, 0.022337, 0.019075, 0.015945, 0.012987, 0.010238, 0.007736, 0.005519, 0.003625, 0.002090, 0.000951, 0.000243, -0.000000, 0.000000, 0.000000, 0.000000, 0.000000, 0.000000, 0.000000, 0.000000, 0.000000, 0.000000, 0.000000, 0.000000, 0.000000, 0.000000, 0.000000, 0.000000, 0.000000, 0.000000, 0.000000, 0.000000},
    { 0.054485, 0.054342, 0.053912, 0.053201, 0.052214, 0.050960, 0.049451, 0.047701, 0.045727, 0.043545, 0.041178, 0.038649, 0.035981, 0.033202, 0.030339, 0.027424, 0.024486, 0.021559, 0.018677, 0.015873, 0.013183, 0.010642, 0.008288, 0.006156, 0.004282, 0.002703, 0.001454, 0.000570, 0.000085, 0.000000, 0.000000, 0.000000, 0.000000, 0.000000, 0.000000, 0.000000, 0.000000, 0.000000, 0.000000, 0.000000, 0.000000, 0.000000, 0.000000, 0.000000, 0.000000, 0.000000, 0.000000, 0.000000, 0.000000, 0.000000},
    { 0.043293, 0.043167, 0.042790, 0.042166, 0.041301, 0.040204, 0.038886, 0.037360, 0.035641, 0.033748, 0.031700, 0.029519, 0.027229, 0.024855, 0.022425, 0.019966, 0.017510, 0.015087, 0.012728, 0.010468, 0.008339, 0.006376, 0.004613, 0.003085, 0.001826, 0.000870, 0.000252, 0.000003, 0.000000, 0.000000, 0.000000, 0.000000, 0.000000, 0.000000, 0.000000, 0.000000, 0.000000, 0.000000, 0.000000, 0.000000, 0.000000, 0.000000, 0.000000, 0.000000, 0.000000, 0.000000, 0.000000, 0.000000, 0.000000, 0.000000},
    { 0.033311, 0.033202, 0.032877, 0.032339, 0.031594, 0.030650, 0.029519, 0.028212, 0.026744, 0.025134, 0.023398, 0.021559, 0.019640, 0.017663, 0.015656, 0.013646, 0.011660, 0.009730, 0.007884, 0.006156, 0.004576, 0.003177, 0.001992, 0.001054, 0.000394, 0.000047, 0.000000, 0.000000, 0.000000, 0.000000, 0.000000, 0.000000, 0.000000, 0.000000, 0.000000, 0.000000, 0.000000, 0.000000, 0.000000, 0.000000, 0.000000, 0.000000, 0.000000, 0.000000, 0.000000, 0.000000, 0.000000, 0.000000, 0.000000, 0.000000},
    { 0.024578, 0.024486, 0.024212, 0.023758, 0.023131, 0.022337, 0.021389, 0.020296, 0.019075, 0.017740, 0.016311, 0.014806, 0.013248, 0.011660, 0.010067, 0.008494, 0.006968, 0.005519, 0.004174, 0.002965, 0.001920, 0.001071, 0.000449, 0.000085, 0.000000, 0.000000, 0.000000, 0.000000, 0.000000, 0.000000, 0.000000, 0.000000, 0.000000, 0.000000, 0.000000, 0.000000, 0.000000, 0.000000, 0.000000, 0.000000, 0.000000, 0.000000, 0.000000, 0.000000, 0.000000, 0.000000, 0.000000, 0.000000, 0.000000, 0.000000},
    { 0.017130, 0.017055, 0.016830, 0.016458, 0.015945, 0.015299, 0.014528, 0.013646, 0.012664, 0.011599, 0.010468, 0.009290, 0.008085, 0.006875, 0.005685, 0.004539, 0.003461, 0.002480, 0.001623, 0.000919, 0.000394, 0.000080, 0.000000, 0.000000, 0.000000, 0.000000, 0.000000, 0.000000, 0.000000, 0.000000, 0.000000, 0.000000, 0.000000, 0.000000, 0.000000, 0.000000, 0.000000, 0.000000, 0.000000, 0.000000, 0.000000, 0.000000, 0.000000, 0.000000, 0.000000, 0.000000, 0.000000, 0.000000, 0.000000, 0.000000},
    { 0.010996, 0.010937, 0.010759, 0.010468, 0.010067, 0.009563, 0.008967, 0.008288, 0.007540, 0.006737, 0.005897, 0.005036, 0.004174, 0.003333, 0.002535, 0.001803, 0.001161, 0.000635, 0.000252, 0.000037, 0.000000, 0.000000, 0.000000, 0.000000, 0.000000, 0.000000, 0.000000, 0.000000, 0.000000, 0.000000, 0.000000, 0.000000, 0.000000, 0.000000, 0.000000, 0.000000, 0.000000, 0.000000, 0.000000, 0.000000, 0.000000, 0.000000, 0.000000, 0.000000, 0.000000, 0.000000, 0.000000, 0.000000, 0.000000, 0.000000},
    { 0.006199, 0.006156, 0.006025, 0.005812, 0.005519, 0.005154, 0.004727, 0.004246, 0.003725, 0.003177, 0.002618, 0.002066, 0.001537, 0.001054, 0.000635, 0.000305, 0.000085, 0.000000, 0.000000, 0.000000, 0.000000, 0.000000, 0.000000, 0.000000, 0.000000, 0.000000, 0.000000, 0.000000, 0.000000, 0.000000, 0.000000, 0.000000, 0.000000, 0.000000, 0.000000, 0.000000, 0.000000, 0.000000, 0.000000, 0.000000, 0.000000, 0.000000, 0.000000, 0.000000, 0.000000, 0.000000, 0.000000, 0.000000, 0.000000, 0.000000},
    { 0.002760, 0.002731, 0.002646, 0.002508, 0.002320, 0.002090, 0.001826, 0.001537, 0.001236, 0.000935, 0.000649, 0.000394, 0.000189, 0.000051, -0.000000, 0.000000, 0.000000, 0.000000, 0.000000, 0.000000, 0.000000, 0.000000, 0.000000, 0.000000, 0.000000, 0.000000, 0.000000, 0.000000, 0.000000, 0.000000, 0.000000, 0.000000, 0.000000, 0.000000, 0.000000, 0.000000, 0.000000, 0.000000, 0.000000, 0.000000, 0.000000, 0.000000, 0.000000, 0.000000, 0.000000, 0.000000, 0.000000, 0.000000, 0.000000, 0.000000},
    { 0.000691, 0.000677, 0.000635, 0.000570, 0.000484, 0.000384, 0.000278, 0.000174, 0.000085, 0.000022, 0.000000, 0.000000, 0.000000, 0.000000, 0.000000, 0.000000, 0.000000, 0.000000, 0.000000, 0.000000, 0.000000, 0.000000, 0.000000, 0.000000, 0.000000, 0.000000, 0.000000, 0.000000, 0.000000, 0.000000, 0.000000, 0.000000, 0.000000, 0.000000, 0.000000, 0.000000, 0.000000, 0.000000, 0.000000, 0.000000, 0.000000, 0.000000, 0.000000, 0.000000, 0.000000, 0.000000, 0.000000, 0.000000, 0.000000, 0.000000},
};
#endif //_ratetables_h_
