#ifndef _ratetables_h_
#define _ratetables_h_

//预先生成的形变衰减率
static const int RateTablesCount = 50;
static const float RateTables[RateTablesCount][RateTablesCount] = {
    { 0.210000, 0.209793, 0.209172, 0.208140, 0.206701, 0.204861, 0.202627, 0.200007, 0.197012, 0.193654, 0.189947, 0.185904, 0.181542, 0.176877, 0.171930, 0.166717, 0.161262, 0.155584, 0.149707, 0.143653, 0.137447, 0.131112, 0.124675, 0.118160, 0.111593, 0.105000, 0.098407, 0.091840, 0.085325, 0.078888, 0.072553, 0.066347, 0.060293, 0.054416, 0.048738, 0.043283, 0.038070, 0.033123, 0.028458, 0.024096, 0.020053, 0.016346, 0.012988, 0.009993, 0.007373, 0.005139, 0.003299, 0.001860, 0.000828, 0.000207},
    { 0.209793, 0.209586, 0.208965, 0.207934, 0.206496, 0.204657, 0.202424, 0.199806, 0.196814, 0.193458, 0.189753, 0.185713, 0.181354, 0.176693, 0.171748, 0.166540, 0.161088, 0.155414, 0.149541, 0.143492, 0.137290, 0.130960, 0.124528, 0.118018, 0.111456, 0.104868, 0.098280, 0.091719, 0.085209, 0.078777, 0.072449, 0.066248, 0.060200, 0.054328, 0.048656, 0.043206, 0.038000, 0.033058, 0.028399, 0.024042, 0.020005, 0.016302, 0.012950, 0.009961, 0.007346, 0.005116, 0.003281, 0.001847, 0.000819, 0.000203},
    { 0.209172, 0.208965, 0.208346, 0.207317, 0.205882, 0.204047, 0.201818, 0.199205, 0.196219, 0.192870, 0.189172, 0.185140, 0.180790, 0.176139, 0.171204, 0.166007, 0.160567, 0.154905, 0.149045, 0.143008, 0.136820, 0.130505, 0.124087, 0.117592, 0.111045, 0.104473, 0.097901, 0.091356, 0.084863, 0.078448, 0.072136, 0.065952, 0.059921, 0.054066, 0.048411, 0.042978, 0.037789, 0.032863, 0.028221, 0.023881, 0.019860, 0.016174, 0.012837, 0.009863, 0.007264, 0.005049, 0.003228, 0.001808, 0.000794, 0.000191},
    { 0.208140, 0.207934, 0.207317, 0.206291, 0.204861, 0.203032, 0.200810, 0.198206, 0.195230, 0.191892, 0.188207, 0.184189, 0.179853, 0.175218, 0.170301, 0.165121, 0.159700, 0.154059, 0.148219, 0.142205, 0.136040, 0.129748, 0.123354, 0.116884, 0.110363, 0.103817, 0.097272, 0.090753, 0.084287, 0.077900, 0.071616, 0.065460, 0.059457, 0.053631, 0.048004, 0.042600, 0.037438, 0.032541, 0.027926, 0.023614, 0.019620, 0.015960, 0.012650, 0.009702, 0.007127, 0.004937, 0.003140, 0.001743, 0.000752, 0.000171},
    { 0.206701, 0.206496, 0.205882, 0.204861, 0.203437, 0.201616, 0.199406, 0.196814, 0.193851, 0.190529, 0.186861, 0.182862, 0.178547, 0.173934, 0.169041, 0.163887, 0.158492, 0.152879, 0.147069, 0.141085, 0.134952, 0.128693, 0.122333, 0.115897, 0.109412, 0.102902, 0.096394, 0.089914, 0.083486, 0.077137, 0.070892, 0.064776, 0.058812, 0.053025, 0.047438, 0.042073, 0.036951, 0.032092, 0.027517, 0.023242, 0.019286, 0.015664, 0.012390, 0.009478, 0.006939, 0.004784, 0.003020, 0.001656, 0.000696, 0.000145},
    { 0.204861, 0.204657, 0.204047, 0.203032, 0.201616, 0.199806, 0.197609, 0.195032, 0.192088, 0.188786, 0.185140, 0.181166, 0.176877, 0.172293, 0.167430, 0.162308, 0.156948, 0.151371, 0.145599, 0.139654, 0.133561, 0.127344, 0.121028, 0.114637, 0.108197, 0.101734, 0.095274, 0.088841, 0.082463, 0.076163, 0.069968, 0.063902, 0.057989, 0.052253, 0.046716, 0.041402, 0.036330, 0.031521, 0.026995, 0.022770, 0.018862, 0.015288, 0.012061, 0.009195, 0.006701, 0.004590, 0.002869, 0.001546, 0.000627, 0.000115},
    { 0.202627, 0.202424, 0.201818, 0.200810, 0.199406, 0.197609, 0.195427, 0.192870, 0.189947, 0.186670, 0.183051, 0.179106, 0.174850, 0.170301, 0.165475, 0.160393, 0.155075, 0.149541, 0.143815, 0.137918, 0.131875, 0.125709, 0.119445, 0.113108, 0.106724, 0.100318, 0.093915, 0.087542, 0.081222, 0.074983, 0.068849, 0.062844, 0.056992, 0.051318, 0.045843, 0.040590, 0.035579, 0.030832, 0.026366, 0.022200, 0.018352, 0.014835, 0.011666, 0.008856, 0.006417, 0.004359, 0.002690, 0.001418, 0.000548, 0.000083},
    { 0.200007, 0.199806, 0.199205, 0.198206, 0.196814, 0.195032, 0.192870, 0.190335, 0.187437, 0.184189, 0.180602, 0.176693, 0.172475, 0.167966, 0.163184, 0.158148, 0.152879, 0.147397, 0.141724, 0.135884, 0.129899, 0.123793, 0.117592, 0.111319, 0.105000, 0.098660, 0.092326, 0.086021, 0.079772, 0.073604, 0.067541, 0.061608, 0.055828, 0.050226, 0.044824, 0.039643, 0.034704, 0.030028, 0.025633, 0.021538, 0.017758, 0.014310, 0.011208, 0.008464, 0.006089, 0.004094, 0.002486, 0.001274, 0.000461, 0.000052},
    { 0.197012, 0.196814, 0.196219, 0.195230, 0.193851, 0.192088, 0.189947, 0.187437, 0.184569, 0.181354, 0.177804, 0.173934, 0.169760, 0.165298, 0.160567, 0.155584, 0.150371, 0.144948, 0.139337, 0.133561, 0.127643, 0.121607, 0.115476, 0.109277, 0.103033, 0.096770, 0.090513, 0.084287, 0.078119, 0.072032, 0.066051, 0.060200, 0.054504, 0.048984, 0.043665, 0.038567, 0.033711, 0.029116, 0.024803, 0.020788, 0.017088, 0.013718, 0.010692, 0.008023, 0.005722, 0.003799, 0.002262, 0.001117, 0.000371, 0.000026},
    { 0.193654, 0.193458, 0.192870, 0.191892, 0.190529, 0.188786, 0.186670, 0.184189, 0.181354, 0.178175, 0.174667, 0.170842, 0.166717, 0.162308, 0.157633, 0.152711, 0.147561, 0.142205, 0.136664, 0.130960, 0.125117, 0.119159, 0.113108, 0.106991, 0.100831, 0.094655, 0.088486, 0.082349, 0.076271, 0.070275, 0.064386, 0.058629, 0.053025, 0.047600, 0.042373, 0.037368, 0.032605, 0.028103, 0.023881, 0.019956, 0.016346, 0.013064, 0.010124, 0.007540, 0.005322, 0.003480, 0.002021, 0.000953, 0.000280, 0.000007},
    { 0.189947, 0.189753, 0.189172, 0.188207, 0.186861, 0.185140, 0.183051, 0.180602, 0.177804, 0.174667, 0.171204, 0.167430, 0.163360, 0.159009, 0.154397, 0.149541, 0.144462, 0.139179, 0.133715, 0.128092, 0.122333, 0.116460, 0.110499, 0.104473, 0.098407, 0.092326, 0.086254, 0.080217, 0.074238, 0.068344, 0.062557, 0.056902, 0.051402, 0.046080, 0.040958, 0.036056, 0.031395, 0.026995, 0.022875, 0.019050, 0.015538, 0.012354, 0.009510, 0.007019, 0.004893, 0.003140, 0.001769, 0.000785, 0.000195, 0.000000},
    { 0.185904, 0.185713, 0.185140, 0.184189, 0.182862, 0.181166, 0.179106, 0.176693, 0.173934, 0.170842, 0.167430, 0.163711, 0.159700, 0.155414, 0.150870, 0.146088, 0.141085, 0.135884, 0.130505, 0.124970, 0.119302, 0.113524, 0.107660, 0.101734, 0.095771, 0.089794, 0.083829, 0.077900, 0.072032, 0.066248, 0.060573, 0.055031, 0.049644, 0.044435, 0.039426, 0.034637, 0.030089, 0.025801, 0.021791, 0.018077, 0.014673, 0.011595, 0.008856, 0.006468, 0.004442, 0.002787, 0.001511, 0.000620, 0.000118, 0.000000},
    { 0.181542, 0.181354, 0.180790, 0.179853, 0.178547, 0.176877, 0.174850, 0.172475, 0.169760, 0.166717, 0.163360, 0.159700, 0.155754, 0.151538, 0.147069, 0.142365, 0.137447, 0.132333, 0.127046, 0.121607, 0.116038, 0.110363, 0.104605, 0.098787, 0.092935, 0.087072, 0.081222, 0.075411, 0.069662, 0.063999, 0.058445, 0.053025, 0.047761, 0.042675, 0.037789, 0.033123, 0.028697, 0.024530, 0.020640, 0.017044, 0.013757, 0.010794, 0.008169, 0.005892, 0.003974, 0.002425, 0.001252, 0.000461, 0.000057, 0.000000},
    { 0.176877, 0.176693, 0.176139, 0.175218, 0.173934, 0.172293, 0.170301, 0.167966, 0.165298, 0.162308, 0.159009, 0.155414, 0.151538, 0.147397, 0.143008, 0.138390, 0.133561, 0.128542, 0.123354, 0.118018, 0.112556, 0.106991, 0.101347, 0.095646, 0.089914, 0.084173, 0.078448, 0.072763, 0.067141, 0.061608, 0.056185, 0.050896, 0.045764, 0.040810, 0.036056, 0.031521, 0.027226, 0.023190, 0.019429, 0.015960, 0.012799, 0.009961, 0.007457, 0.005299, 0.003498, 0.002063, 0.001000, 0.000316, 0.000015, 0.000000},
    { 0.171930, 0.171748, 0.171204, 0.170301, 0.169041, 0.167430, 0.165475, 0.163184, 0.160567, 0.157633, 0.154397, 0.150870, 0.147069, 0.143008, 0.138705, 0.134178, 0.129446, 0.124528, 0.119445, 0.114219, 0.108871, 0.103424, 0.097901, 0.092326, 0.086721, 0.081110, 0.075518, 0.069968, 0.064484, 0.059088, 0.053805, 0.048656, 0.043665, 0.038852, 0.034238, 0.029844, 0.025689, 0.021791, 0.018168, 0.014835, 0.011809, 0.009102, 0.006727, 0.004697, 0.003020, 0.001706, 0.000761, 0.000191, -0.000000, 0.000000},
    { 0.166717, 0.166540, 0.166007, 0.165121, 0.163887, 0.162308, 0.160393, 0.158148, 0.155584, 0.152711, 0.149541, 0.146088, 0.142365, 0.138390, 0.134178, 0.129748, 0.125117, 0.120307, 0.115336, 0.110227, 0.105000, 0.099678, 0.094284, 0.088841, 0.083372, 0.077900, 0.072449, 0.067042, 0.061702, 0.056453, 0.051318, 0.046318, 0.041476, 0.036812, 0.032348, 0.028103, 0.024096, 0.020345, 0.016868, 0.013679, 0.010794, 0.008227, 0.005990, 0.004094, 0.002548, 0.001362, 0.000541, 0.000091, 0.000000, 0.000000},
    { 0.161262, 0.161088, 0.160567, 0.159700, 0.158492, 0.156948, 0.155075, 0.152879, 0.150371, 0.147561, 0.144462, 0.141085, 0.137447, 0.133561, 0.129446, 0.125117, 0.120595, 0.115897, 0.111045, 0.106059, 0.100960, 0.095771, 0.090513, 0.085209, 0.079883, 0.074557, 0.069255, 0.063999, 0.058812, 0.053718, 0.048738, 0.043895, 0.039210, 0.034704, 0.030397, 0.026309, 0.022458, 0.018862, 0.015538, 0.012501, 0.009766, 0.007346, 0.005253, 0.003498, 0.002091, 0.001038, 0.000348, 0.000026, 0.000000, 0.000000},
    { 0.155584, 0.155414, 0.154905, 0.154059, 0.152879, 0.151371, 0.149541, 0.147397, 0.144948, 0.142205, 0.139179, 0.135884, 0.132333, 0.128542, 0.124528, 0.120307, 0.115897, 0.111319, 0.106591, 0.101734, 0.096770, 0.091719, 0.086604, 0.081447, 0.076271, 0.071098, 0.065952, 0.060854, 0.055828, 0.050896, 0.046080, 0.041402, 0.036882, 0.032541, 0.028399, 0.024475, 0.020788, 0.017354, 0.014191, 0.011313, 0.008734, 0.006468, 0.004526, 0.002919, 0.001656, 0.000744, 0.000191, 0.000000, 0.000000, 0.000000},
    { 0.149707, 0.149541, 0.149045, 0.148219, 0.147069, 0.145599, 0.143815, 0.141724, 0.139337, 0.136664, 0.133715, 0.130505, 0.127046, 0.123354, 0.119445, 0.115336, 0.111045, 0.106591, 0.101993, 0.097272, 0.092447, 0.087542, 0.082576, 0.077572, 0.072553, 0.067541, 0.062557, 0.057625, 0.052767, 0.048004, 0.043359, 0.038852, 0.034504, 0.030336, 0.026366, 0.022614, 0.019097, 0.015833, 0.012837, 0.010124, 0.007709, 0.005603, 0.003818, 0.002365, 0.001252, 0.000487, 0.000076, 0.000000, 0.000000, 0.000000},
    { 0.143653, 0.143492, 0.143008, 0.142205, 0.141085, 0.139654, 0.137918, 0.135884, 0.133561, 0.130960, 0.128092, 0.124970, 0.121607, 0.118018, 0.114219, 0.110227, 0.106059, 0.101734, 0.097272, 0.092691, 0.088013, 0.083258, 0.078448, 0.073604, 0.068748, 0.063902, 0.059088, 0.054328, 0.049644, 0.045058, 0.040590, 0.036261, 0.032092, 0.028103, 0.024312, 0.020738, 0.017399, 0.014310, 0.011488, 0.008948, 0.006701, 0.004762, 0.003140, 0.001847, 0.000889, 0.000276, 0.000011, 0.000000, 0.000000, 0.000000},
    { 0.137447, 0.137290, 0.136820, 0.136040, 0.134952, 0.133561, 0.131875, 0.129899, 0.127643, 0.125117, 0.122333, 0.119302, 0.116038, 0.112556, 0.108871, 0.105000, 0.100960, 0.096770, 0.092447, 0.088013, 0.083486, 0.078888, 0.074238, 0.069560, 0.064873, 0.060200, 0.055562, 0.050980, 0.046477, 0.042073, 0.037789, 0.033645, 0.029661, 0.025858, 0.022252, 0.018862, 0.015706, 0.012799, 0.010157, 0.007794, 0.005722, 0.003955, 0.002502, 0.001373, 0.000576, 0.000118, 0.000000, 0.000000, 0.000000, 0.000000},
    { 0.131112, 0.130960, 0.130505, 0.129748, 0.128693, 0.127344, 0.125709, 0.123793, 0.121607, 0.119159, 0.116460, 0.113524, 0.110363, 0.106991, 0.103424, 0.099678, 0.095771, 0.091719, 0.087542, 0.083258, 0.078888, 0.074451, 0.069968, 0.065460, 0.060948, 0.056453, 0.051997, 0.047600, 0.043283, 0.039067, 0.034972, 0.031019, 0.027226, 0.023614, 0.020199, 0.017000, 0.014032, 0.011313, 0.008856, 0.006675, 0.004784, 0.003193, 0.001913, 0.000953, 0.000321, 0.000024, 0.000000, 0.000000, 0.000000, 0.000000},
    { 0.124675, 0.124528, 0.124087, 0.123354, 0.122333, 0.121028, 0.119445, 0.117592, 0.115476, 0.113108, 0.110499, 0.107660, 0.104605, 0.101347, 0.097901, 0.094284, 0.090513, 0.086604, 0.082576, 0.078448, 0.074238, 0.069968, 0.065657, 0.061325, 0.056992, 0.052681, 0.048411, 0.044203, 0.040078, 0.036056, 0.032156, 0.028399, 0.024803, 0.021387, 0.018168, 0.015164, 0.012390, 0.009863, 0.007596, 0.005603, 0.003896, 0.002486, 0.001384, 0.000598, 0.000135, 0.000000, 0.000000, 0.000000, 0.000000, 0.000000},
    { 0.118160, 0.118018, 0.117592, 0.116884, 0.115897, 0.114637, 0.113108, 0.111319, 0.109277, 0.106991, 0.104473, 0.101734, 0.098787, 0.095646, 0.092326, 0.088841, 0.085209, 0.081447, 0.077572, 0.073604, 0.069560, 0.065460, 0.061325, 0.057173, 0.053025, 0.048902, 0.044824, 0.040810, 0.036882, 0.033058, 0.029358, 0.025801, 0.022407, 0.019192, 0.016174, 0.013369, 0.010794, 0.008464, 0.006391, 0.004590, 0.003071, 0.001847, 0.000926, 0.000316, 0.000026, 0.000000, 0.000000, 0.000000, 0.000000, 0.000000},
    { 0.111593, 0.111456, 0.111045, 0.110363, 0.109412, 0.108197, 0.106724, 0.105000, 0.103033, 0.100831, 0.098407, 0.095771, 0.092935, 0.089914, 0.086721, 0.083372, 0.079883, 0.076271, 0.072553, 0.068748, 0.064873, 0.060948, 0.056992, 0.053025, 0.049067, 0.045136, 0.041253, 0.037438, 0.033711, 0.030089, 0.026594, 0.023242, 0.020053, 0.017044, 0.014231, 0.011630, 0.009258, 0.007127, 0.005253, 0.003647, 0.002321, 0.001285, 0.000548, 0.000118, 0.000000, 0.000000, 0.000000, 0.000000, 0.000000, 0.000000},
    { 0.105000, 0.104868, 0.104473, 0.103817, 0.102902, 0.101734, 0.100318, 0.098660, 0.096770, 0.094655, 0.092326, 0.089794, 0.087072, 0.084173, 0.081110, 0.077900, 0.074557, 0.071098, 0.067541, 0.063902, 0.060200, 0.056453, 0.052681, 0.048902, 0.045136, 0.041402, 0.037718, 0.034106, 0.030583, 0.027169, 0.023881, 0.020738, 0.017758, 0.014958, 0.012354, 0.009961, 0.007794, 0.005868, 0.004194, 0.002787, 0.001656, 0.000811, 0.000261, 0.000014, 0.000000, 0.000000, 0.000000, 0.000000, 0.000000, 0.000000},
    { 0.098407, 0.098280, 0.097901, 0.097272, 0.096394, 0.095274, 0.093915, 0.092326, 0.090513, 0.088486, 0.086254, 0.083829, 0.081222, 0.078448, 0.075518, 0.072449, 0.069255, 0.065952, 0.062557, 0.059088, 0.055562, 0.051997, 0.048411, 0.044824, 0.041253, 0.037718, 0.034238, 0.030832, 0.027517, 0.024312, 0.021236, 0.018306, 0.015538, 0.012950, 0.010557, 0.008374, 0.006417, 0.004697, 0.003228, 0.002021, 0.001087, 0.000436, 0.000076, 0.000000, 0.000000, 0.000000, 0.000000, 0.000000, 0.000000, 0.000000},
    { 0.091840, 0.091719, 0.091356, 0.090753, 0.089914, 0.088841, 0.087542, 0.086021, 0.084287, 0.082349, 0.080217, 0.077900, 0.075411, 0.072763, 0.069968, 0.067042, 0.063999, 0.060854, 0.057625, 0.054328, 0.050980, 0.047600, 0.044203, 0.040810, 0.037438, 0.034106, 0.030832, 0.027633, 0.024530, 0.021538, 0.018676, 0.015960, 0.013408, 0.011034, 0.008856, 0.006886, 0.005139, 0.003628, 0.002365, 0.001362, 0.000627, 0.000171, 0.000001, 0.000000, 0.000000, 0.000000, 0.000000, 0.000000, 0.000000, 0.000000},
    { 0.085325, 0.085209, 0.084863, 0.084287, 0.083486, 0.082463, 0.081222, 0.079772, 0.078119, 0.076271, 0.074238, 0.072032, 0.069662, 0.067141, 0.064484, 0.061702, 0.058812, 0.055828, 0.052767, 0.049644, 0.046477, 0.043283, 0.040078, 0.036882, 0.033711, 0.030583, 0.027517, 0.024530, 0.021639, 0.018862, 0.016217, 0.013718, 0.011383, 0.009226, 0.007264, 0.005508, 0.003974, 0.002674, 0.001619, 0.000819, 0.000285, 0.000026, 0.000000, 0.000000, 0.000000, 0.000000, 0.000000, 0.000000, 0.000000, 0.000000},
    { 0.078888, 0.078777, 0.078448, 0.077900, 0.077137, 0.076163, 0.074983, 0.073604, 0.072032, 0.070275, 0.068344, 0.066248, 0.063999, 0.061608, 0.059088, 0.056453, 0.053718, 0.050896, 0.048004, 0.045058, 0.042073, 0.039067, 0.036056, 0.033058, 0.030089, 0.027169, 0.024312, 0.021538, 0.018862, 0.016302, 0.013875, 0.011595, 0.009478, 0.007540, 0.005795, 0.004256, 0.002936, 0.001847, 0.001000, 0.000406, 0.000073, 0.000000, 0.000000, 0.000000, 0.000000, 0.000000, 0.000000, 0.000000, 0.000000, 0.000000},
    { 0.072553, 0.072449, 0.072136, 0.071616, 0.070892, 0.069968, 0.068849, 0.067541, 0.066051, 0.064386, 0.062557, 0.060573, 0.058445, 0.056185, 0.053805, 0.051318, 0.048738, 0.046080, 0.043359, 0.040590, 0.037789, 0.034972, 0.032156, 0.029358, 0.026594, 0.023881, 0.021236, 0.018676, 0.016217, 0.013875, 0.011666, 0.009605, 0.007709, 0.005990, 0.004463, 0.003140, 0.002035, 0.001158, 0.000520, 0.000131, -0.000000, 0.000000, 0.000000, 0.000000, 0.000000, 0.000000, 0.000000, 0.000000, 0.000000, 0.000000},
    { 0.066347, 0.066248, 0.065952, 0.065460, 0.064776, 0.063902, 0.062844, 0.061608, 0.060200, 0.058629, 0.056902, 0.055031, 0.053025, 0.050896, 0.048656, 0.046318, 0.043895, 0.041402, 0.038852, 0.036261, 0.033645, 0.031019, 0.028399, 0.025801, 0.023242, 0.020738, 0.018306, 0.015960, 0.013718, 0.011595, 0.009605, 0.007765, 0.006089, 0.004590, 0.003281, 0.002175, 0.001285, 0.000620, 0.000191, 0.000007, 0.000000, 0.000000, 0.000000, 0.000000, 0.000000, 0.000000, 0.000000, 0.000000, 0.000000, 0.000000},
    { 0.060293, 0.060200, 0.059921, 0.059457, 0.058812, 0.057989, 0.056992, 0.055828, 0.054504, 0.053025, 0.051402, 0.049644, 0.047761, 0.045764, 0.043665, 0.041476, 0.039210, 0.036882, 0.034504, 0.032092, 0.029661, 0.027226, 0.024803, 0.022407, 0.020053, 0.017758, 0.015538, 0.013408, 0.011383, 0.009478, 0.007709, 0.006089, 0.004632, 0.003353, 0.002262, 0.001373, 0.000696, 0.000242, 0.000021, 0.000000, 0.000000, 0.000000, 0.000000, 0.000000, 0.000000, 0.000000, 0.000000, 0.000000, 0.000000, 0.000000},
    { 0.054416, 0.054328, 0.054066, 0.053631, 0.053025, 0.052253, 0.051318, 0.050226, 0.048984, 0.047600, 0.046080, 0.044435, 0.042675, 0.040810, 0.038852, 0.036812, 0.034704, 0.032541, 0.030336, 0.028103, 0.025858, 0.023614, 0.021387, 0.019192, 0.017044, 0.014958, 0.012950, 0.011034, 0.009226, 0.007540, 0.005990, 0.004590, 0.003353, 0.002291, 0.001418, 0.000744, 0.000280, 0.000037, 0.000000, 0.000000, 0.000000, 0.000000, 0.000000, 0.000000, 0.000000, 0.000000, 0.000000, 0.000000, 0.000000, 0.000000},
    { 0.048738, 0.048656, 0.048411, 0.048004, 0.047438, 0.046716, 0.045843, 0.044824, 0.043665, 0.042373, 0.040958, 0.039426, 0.037789, 0.036056, 0.034238, 0.032348, 0.030397, 0.028399, 0.026366, 0.024312, 0.022252, 0.020199, 0.018168, 0.016174, 0.014231, 0.012354, 0.010557, 0.008856, 0.007264, 0.005795, 0.004463, 0.003281, 0.002262, 0.001418, 0.000761, 0.000301, 0.000048, 0.000000, 0.000000, 0.000000, 0.000000, 0.000000, 0.000000, 0.000000, 0.000000, 0.000000, 0.000000, 0.000000, 0.000000, 0.000000},
    { 0.043283, 0.043206, 0.042978, 0.042600, 0.042073, 0.041402, 0.040590, 0.039643, 0.038567, 0.037368, 0.036056, 0.034637, 0.033123, 0.031521, 0.029844, 0.028103, 0.026309, 0.024475, 0.022614, 0.020738, 0.018862, 0.017000, 0.015164, 0.013369, 0.011630, 0.009961, 0.008374, 0.006886, 0.005508, 0.004256, 0.003140, 0.002175, 0.001373, 0.000744, 0.000301, 0.000052, 0.000000, 0.000000, 0.000000, 0.000000, 0.000000, 0.000000, 0.000000, 0.000000, 0.000000, 0.000000, 0.000000, 0.000000, 0.000000, 0.000000},
    { 0.038070, 0.038000, 0.037789, 0.037438, 0.036951, 0.036330, 0.035579, 0.034704, 0.033711, 0.032605, 0.031395, 0.030089, 0.028697, 0.027226, 0.025689, 0.024096, 0.022458, 0.020788, 0.019097, 0.017399, 0.015706, 0.014032, 0.012390, 0.010794, 0.009258, 0.007794, 0.006417, 0.005139, 0.003974, 0.002936, 0.002035, 0.001285, 0.000696, 0.000280, 0.000048, 0.000000, 0.000000, 0.000000, 0.000000, 0.000000, 0.000000, 0.000000, 0.000000, 0.000000, 0.000000, 0.000000, 0.000000, 0.000000, 0.000000, 0.000000},
    { 0.033123, 0.033058, 0.032863, 0.032541, 0.032092, 0.031521, 0.030832, 0.030028, 0.029116, 0.028103, 0.026995, 0.025801, 0.024530, 0.023190, 0.021791, 0.020345, 0.018862, 0.017354, 0.015833, 0.014310, 0.012799, 0.011313, 0.009863, 0.008464, 0.007127, 0.005868, 0.004697, 0.003628, 0.002674, 0.001847, 0.001158, 0.000620, 0.000242, 0.000037, 0.000000, 0.000000, 0.000000, 0.000000, 0.000000, 0.000000, 0.000000, 0.000000, 0.000000, 0.000000, 0.000000, 0.000000, 0.000000, 0.000000, 0.000000, 0.000000},
    { 0.028458, 0.028399, 0.028221, 0.027926, 0.027517, 0.026995, 0.026366, 0.025633, 0.024803, 0.023881, 0.022875, 0.021791, 0.020640, 0.019429, 0.018168, 0.016868, 0.015538, 0.014191, 0.012837, 0.011488, 0.010157, 0.008856, 0.007596, 0.006391, 0.005253, 0.004194, 0.003228, 0.002365, 0.001619, 0.001000, 0.000520, 0.000191, 0.000021, 0.000000, 0.000000, 0.000000, 0.000000, 0.000000, 0.000000, 0.000000, 0.000000, 0.000000, 0.000000, 0.000000, 0.000000, 0.000000, 0.000000, 0.000000, 0.000000, 0.000000},
    { 0.024096, 0.024042, 0.023881, 0.023614, 0.023242, 0.022770, 0.022200, 0.021538, 0.020788, 0.019956, 0.019050, 0.018077, 0.017044, 0.015960, 0.014835, 0.013679, 0.012501, 0.011313, 0.010124, 0.008948, 0.007794, 0.006675, 0.005603, 0.004590, 0.003647, 0.002787, 0.002021, 0.001362, 0.000819, 0.000406, 0.000131, 0.000007, 0.000000, 0.000000, 0.000000, 0.000000, 0.000000, 0.000000, 0.000000, 0.000000, 0.000000, 0.000000, 0.000000, 0.000000, 0.000000, 0.000000, 0.000000, 0.000000, 0.000000, 0.000000},
    { 0.020053, 0.020005, 0.019860, 0.019620, 0.019286, 0.018862, 0.018352, 0.017758, 0.017088, 0.016346, 0.015538, 0.014673, 0.013757, 0.012799, 0.011809, 0.010794, 0.009766, 0.008734, 0.007709, 0.006701, 0.005722, 0.004784, 0.003896, 0.003071, 0.002321, 0.001656, 0.001087, 0.000627, 0.000285, 0.000073, -0.000000, 0.000000, 0.000000, 0.000000, 0.000000, 0.000000, 0.000000, 0.000000, 0.000000, 0.000000, 0.000000, 0.000000, 0.000000, 0.000000, 0.000000, 0.000000, 0.000000, 0.000000, 0.000000, 0.000000},
    { 0.016346, 0.016302, 0.016174, 0.015960, 0.015664, 0.015288, 0.014835, 0.014310, 0.013718, 0.013064, 0.012354, 0.011595, 0.010794, 0.009961, 0.009102, 0.008227, 0.007346, 0.006468, 0.005603, 0.004762, 0.003955, 0.003193, 0.002486, 0.001847, 0.001285, 0.000811, 0.000436, 0.000171, 0.000026, 0.000000, 0.000000, 0.000000, 0.000000, 0.000000, 0.000000, 0.000000, 0.000000, 0.000000, 0.000000, 0.000000, 0.000000, 0.000000, 0.000000, 0.000000, 0.000000, 0.000000, 0.000000, 0.000000, 0.000000, 0.000000},
    { 0.012988, 0.012950, 0.012837, 0.012650, 0.012390, 0.012061, 0.011666, 0.011208, 0.010692, 0.010124, 0.009510, 0.008856, 0.008169, 0.007457, 0.006727, 0.005990, 0.005253, 0.004526, 0.003818, 0.003140, 0.002502, 0.001913, 0.001384, 0.000926, 0.000548, 0.000261, 0.000076, 0.000001, 0.000000, 0.000000, 0.000000, 0.000000, 0.000000, 0.000000, 0.000000, 0.000000, 0.000000, 0.000000, 0.000000, 0.000000, 0.000000, 0.000000, 0.000000, 0.000000, 0.000000, 0.000000, 0.000000, 0.000000, 0.000000, 0.000000},
    { 0.009993, 0.009961, 0.009863, 0.009702, 0.009478, 0.009195, 0.008856, 0.008464, 0.008023, 0.007540, 0.007019, 0.006468, 0.005892, 0.005299, 0.004697, 0.004094, 0.003498, 0.002919, 0.002365, 0.001847, 0.001373, 0.000953, 0.000598, 0.000316, 0.000118, 0.000014, 0.000000, 0.000000, 0.000000, 0.000000, 0.000000, 0.000000, 0.000000, 0.000000, 0.000000, 0.000000, 0.000000, 0.000000, 0.000000, 0.000000, 0.000000, 0.000000, 0.000000, 0.000000, 0.000000, 0.000000, 0.000000, 0.000000, 0.000000, 0.000000},
    { 0.007373, 0.007346, 0.007264, 0.007127, 0.006939, 0.006701, 0.006417, 0.006089, 0.005722, 0.005322, 0.004893, 0.004442, 0.003974, 0.003498, 0.003020, 0.002548, 0.002091, 0.001656, 0.001252, 0.000889, 0.000576, 0.000321, 0.000135, 0.000026, 0.000000, 0.000000, 0.000000, 0.000000, 0.000000, 0.000000, 0.000000, 0.000000, 0.000000, 0.000000, 0.000000, 0.000000, 0.000000, 0.000000, 0.000000, 0.000000, 0.000000, 0.000000, 0.000000, 0.000000, 0.000000, 0.000000, 0.000000, 0.000000, 0.000000, 0.000000},
    { 0.005139, 0.005116, 0.005049, 0.004937, 0.004784, 0.004590, 0.004359, 0.004094, 0.003799, 0.003480, 0.003140, 0.002787, 0.002425, 0.002063, 0.001706, 0.001362, 0.001038, 0.000744, 0.000487, 0.000276, 0.000118, 0.000024, 0.000000, 0.000000, 0.000000, 0.000000, 0.000000, 0.000000, 0.000000, 0.000000, 0.000000, 0.000000, 0.000000, 0.000000, 0.000000, 0.000000, 0.000000, 0.000000, 0.000000, 0.000000, 0.000000, 0.000000, 0.000000, 0.000000, 0.000000, 0.000000, 0.000000, 0.000000, 0.000000, 0.000000},
    { 0.003299, 0.003281, 0.003228, 0.003140, 0.003020, 0.002869, 0.002690, 0.002486, 0.002262, 0.002021, 0.001769, 0.001511, 0.001252, 0.001000, 0.000761, 0.000541, 0.000348, 0.000191, 0.000076, 0.000011, 0.000000, 0.000000, 0.000000, 0.000000, 0.000000, 0.000000, 0.000000, 0.000000, 0.000000, 0.000000, 0.000000, 0.000000, 0.000000, 0.000000, 0.000000, 0.000000, 0.000000, 0.000000, 0.000000, 0.000000, 0.000000, 0.000000, 0.000000, 0.000000, 0.000000, 0.000000, 0.000000, 0.000000, 0.000000, 0.000000},
    { 0.001860, 0.001847, 0.001808, 0.001743, 0.001656, 0.001546, 0.001418, 0.001274, 0.001117, 0.000953, 0.000785, 0.000620, 0.000461, 0.000316, 0.000191, 0.000091, 0.000026, 0.000000, 0.000000, 0.000000, 0.000000, 0.000000, 0.000000, 0.000000, 0.000000, 0.000000, 0.000000, 0.000000, 0.000000, 0.000000, 0.000000, 0.000000, 0.000000, 0.000000, 0.000000, 0.000000, 0.000000, 0.000000, 0.000000, 0.000000, 0.000000, 0.000000, 0.000000, 0.000000, 0.000000, 0.000000, 0.000000, 0.000000, 0.000000, 0.000000},
    { 0.000828, 0.000819, 0.000794, 0.000752, 0.000696, 0.000627, 0.000548, 0.000461, 0.000371, 0.000280, 0.000195, 0.000118, 0.000057, 0.000015, -0.000000, 0.000000, 0.000000, 0.000000, 0.000000, 0.000000, 0.000000, 0.000000, 0.000000, 0.000000, 0.000000, 0.000000, 0.000000, 0.000000, 0.000000, 0.000000, 0.000000, 0.000000, 0.000000, 0.000000, 0.000000, 0.000000, 0.000000, 0.000000, 0.000000, 0.000000, 0.000000, 0.000000, 0.000000, 0.000000, 0.000000, 0.000000, 0.000000, 0.000000, 0.000000, 0.000000},
    { 0.000207, 0.000203, 0.000191, 0.000171, 0.000145, 0.000115, 0.000083, 0.000052, 0.000026, 0.000007, 0.000000, 0.000000, 0.000000, 0.000000, 0.000000, 0.000000, 0.000000, 0.000000, 0.000000, 0.000000, 0.000000, 0.000000, 0.000000, 0.000000, 0.000000, 0.000000, 0.000000, 0.000000, 0.000000, 0.000000, 0.000000, 0.000000, 0.000000, 0.000000, 0.000000, 0.000000, 0.000000, 0.000000, 0.000000, 0.000000, 0.000000, 0.000000, 0.000000, 0.000000, 0.000000, 0.000000, 0.000000, 0.000000, 0.000000, 0.000000},
};
#endif //_ratetables_h_
